00000000
00000000
00000000
00000000
00000000
00000000
00000000
00000000
00000000
00000000
00000000
00000000
00000000
00000000
00000000
00000000
00000000
00000000
00000000
00000000
00000000
00000000
00602002
00000000
00000000
02622202
00000000
00000000
04642402
00000000
00804062
06662602
02824262
00000000
08682802
04844462
00000000
40a0c081
06864662
0a6a2a02
42a0c281
08884862
44a0c481
0c6c2c02
00000000
46a0c681
0a8a4a62
0e6e2e02
48a0c881
00000000
0c8c4c62
00000000
00000000
4aa0ca81
0e8e4e62
00000000
00000000
4ca0cc81
00000000
00000000
00000000
4ea0ce81
10703002
12723202
00000000
00000000
00000000
00000000
00000000
10905062
12925262
00000000
00000000
00000000
00000000
00000000
50a0d081
52a0d281
00000000
00000000
00000000
00000000
0120e0cb
00000000
00000000
0322e2cb
00000000
00000000
00000000
0141012b
00000000
00000000
0343032b
00000000
00000000
00000000
4160c14f
00000000
00000000
4360c34f
00000000
0524e4cb
00000000
41808162
00000000
0726e6cb
43808362
00000000
0545052b
0928e8cb
00000000
00000000
0747072b
00000000
00000000
4560c54f
0949092b
00000000
00000000
4760c74f
00000000
00000000
45808562
4960c94f
00000000
00000000
0b2aeacb
47808762
00000000
41c0a1b1
49808962
0d2ceccb
43c0a3b1
0b4b0b2b
00000000
14743402
00000000
00000000
0d4d0d2b
00000000
4b60cb4f
16763602
0f2eeecb
14945462
00000000
4d60cd4f
18783802
4b808b62
45c0a5b1
0f4f0f2b
54a0d481
16965662
4d808d62
47c0a7b1
18985862
00000000
49c0a9b1
4f60cf4f
56a0d681
00000000
00000000
58a0d881
1130f0cb
00000000
4f808f62
1332f2cb
00000000
00000000
00000000
1151112b
00000000
00000000
1353132b
4bc0abb1
00000000
00000000
5160d14f
00000000
4dc0adb1
5360d34f
00000000
00000000
00000000
51809162
00000000
00000000
53809362
00000000
00000000
00000000
4fc0afb1
00000000
00000000
00000000
00000000
00000000
00000000
00000000
00000000
00000000
00000000
00000000
00000000
00000000
00000000
00000000
00000000
00000000
00000000
51c0b1b1
00000000
00000000
53c0b3b1
00000000
00000000
00000000
00000000
00000000
00000000
00000000
00000000
00000000
00000000
00000000
1a7a3a02
00000000
00000000
00000000
00000000
00000000
00000000
1a9a5a62
00000000
00000000
00000000
00000000
00000000
00000000
5aa0da81
00000000
00000000
00000000
00000000
00000000
00000000
00000000
00000000
00000000
00000000
00000000
00000000
1c7c3c02
00000000
00000000
00000000
00000000
00000000
00000000
00000000
00000000
00000000
00000000
00000000
00000000
00000000
00000000
00000000
00000000
00000000
00000000
00000000
00000000
1c9c5c62
00000000
00000000
00000000
00000000
00000000
00000000
5ca0dc81
00000000
00000000
00000000
00000000
1e7e3e02
00000000
1534f4cb
00000000
00000000
00000000
00000000
00000000
1e9e5e62
1555152b
00602002
00000000
1736f6cb
02622202
00000000
5ea0de81
5560d54f
00804062
00000000
00000000
02824262
1757172b
00000000
55809562
40a0c081
00000000
04642402
42a0c281
5760d74f
06662602
00000000
1938f8cb
00000000
04844462
00000000
57809762
06864662
08682802
1959192b
00000000
44a0c481
0a6a2a02
00000000
46a0c681
08884862
5960d94f
00000000
00000000
0a8a4a62
55c0b5b1
1b3afacb
48a0c881
59809962
00000000
00000000
4aa0ca81
00000000
00000000
00000000
1d3cfccb
1b5b1b2b
57c0b7b1
00000000
1f3efecb
00000000
00000000
1d5d1d2b
5b60db4f
00000000
00000000
1f5f1f2b
00000000
00000000
00000000
5d60dd4f
00000000
00000000
00000000
59c0b9b1
5b809b62
0120e0cb
5d809d62
5f60df4f
00000000
0322e2cb
00000000
00000000
0141012b
00000000
5f809f62
00000000
0343032b
00000000
00000000
4160c14f
00000000
00000000
0524e4cb
4360c34f
00000000
0c6c2c02
41808162
00000000
00000000
0545052b
5bc0bbb1
43808362
5dc0bdb1
00000000
00000000
0c8c4c62
4560c54f
00000000
00000000
00000000
5fc0bfb1
00000000
4ca0cc81
45808562
00000000
00000000
00000000
00000000
0726e6cb
00000000
00000000
00000000
41c0a1b1
00000000
00000000
00000000
00000000
43c0a3b1
0747072b
00000000
00000000
00000000
0e6e2e02
0928e8cb
00000000
4760c74f
00000000
00000000
00000000
45c0a5b1
0e8e4e62
00000000
47808762
00000000
0949092b
00000000
00000000
4ea0ce81
00000000
00000000
00000000
4960c94f
00000000
00000000
00000000
00000000
00000000
00000000
49808962
00000000
00000000
00000000
00000000
00000000
00000000
00000000
00000000
00000000
47c0a7b1
00000000
00000000
00000000
00000000
00000000
00000000
00000000
00000000
00000000
10703002
00000000
00000000
00000000
00000000
00000000
00000000
49c0a9b1
00000000
00000000
00000000
00000000
00000000
10905062
00000000
00000000
00000000
00000000
00000000
00000000
50a0d081
00000000
12723202
00000000
00000000
00000000
0b2aeacb
00000000
00000000
00000000
00000000
00000000
12925262
14743402
00000000
00000000
00000000
00000000
0b4b0b2b
52a0d281
00000000
14945462
00000000
16763602
00000000
4b60cb4f
00000000
00000000
54a0d481
00000000
00000000
16965662
00000000
4b808b62
00000000
00000000
00000000
00000000
0d2ceccb
00000000
00000000
00000000
56a0d681
00000000
00000000
0d4d0d2b
18783802
00000000
00000000
00000000
00000000
00000000
4d60cd4f
00000000
00000000
00000000
18985862
00000000
0f2eeecb
4bc0abb1
4d808d62
00000000
00000000
58a0d881
1130f0cb
0f4f0f2b
00000000
00000000
1a7a3a02
00000000
00000000
00000000
4f60cf4f
1c7c3c02
00000000
1151112b
1a9a5a62
00000000
1332f2cb
4f808f62
1c9c5c62
1e7e3e02
5160d14f
5aa0da81
00000000
00000000
4dc0adb1
5ca0dc81
00000000
1353132b
00000000
51809162
1e9e5e62
00000000
1534f4cb
00000000
5360d34f
1736f6cb
00000000
5ea0de81
00000000
1555152b
00000000
53809362
1757172b
4fc0afb1
00000000
00000000
5560d54f
00000000
00000000
5760d74f
00000000
00000000
00000000
00000000
00000000
51c0b1b1
55809562
57809762
1938f8cb
00000000
00000000
00000000
00000000
1b3afacb
00000000
1959192b
00000000
53c0b3b1
00000000
00000000
00000000
00000000
5960d94f
00000000
1b5b1b2b
00000000
00000000
1d3cfccb
00000000
59809962
00000000
5b60db4f
55c0b5b1
57c0b7b1
00000000
00000000
00000000
00000000
5b809b62
00000000
00000000
1d5d1d2b
00000000
00000000
1f3efecb
00000000
00000000
00000000
5d60dd4f
00000000
00000000
00000000
00000000
00000000
00000000
59c0b9b1
5d809d62
00000000
00000000
1f5f1f2b
00000000
00000000
00000000
00000000
5bc0bbb1
00000000
5f60df4f
00000000
00000000
00000000
00000000
00000000
00000000
5f809f62
00000000
00000000
00000000
00000000
00000000
00000000
00000000
00000000
5dc0bdb1
00000000
00000000
00000000
00000000
00000000
00000000
00000000
00000000
00000000
00000000
00000000
00000000
00000000
00000000
00000000
00000000
5fc0bfb1
00000000
00000000
00000000
00000000
00000000
00000000
00000000
00000000
00000000
00000000
00000000
00000000
00000000
00000000
00000000
00000000
00000000
00000000
00000000
00000000
00000000
00000000
00000000
00000000
00000000
00000000
00000000
00000000
00000000
00000000
00000000
00000000
00000000
00000000
00000000
00000000
00000000
00000000
00000000
00000000
00000000
00000000
00000000
00000000
00000000
00000000
00000000
00000000
00000000
00000000
00000000
00000000
