000000000
000000000
000000000
000000000
000000000
000000000
000000000
000000000
000000000
000000000
000000000
000000000
000000000
000000000
000000000
000000000
000000000
000000000
000000000
000000000
000000000
000000000
000000000
000000000
000000000
000000000
000000000
000000000
000000000
000000000
000000000
000000000
000000000
000000000
000000000
000000000
000000000
000000000
000000000
000000000
000000000
000000000
000000000
000000000
000000000
000000000
000000000
000000000
000000000
000000000
000000000
000000000
000000000
000000000
000000000
000000000
000000000
000000000
000000000
000000000
000000000
000000000
000000000
000000000
000000000
000000000
000000000
000000000
000000000
000000000
000000000
000000000
000000000
000000000
000000000
000000000
000000000
000000000
000000000
000000000
000000000
000000000
000000000
000000000
000000000
000000000
000000000
000000000
000000000
000000000
000000000
000000000
000000000
000000000
000000000
000000000
000000000
000000000
000000000
000000000
000000000
000000000
000000000
000000000
000000000
000000000
000000000
000000000
000000000
000000000
000000000
000000000
000000000
000000000
000000000
000000000
000000000
000000000
000000000
000000000
000000000
000000000
000000000
000000000
000000000
000000000
000000000
000000000
000000000
000000000
000000000
000000000
000000000
000000000
000000000
000000000
000000000
000000000
000000000
000000000
000000000
000000000
000000000
000000000
000000000
000000000
000000000
000000000
000000000
000000000
000000000
000000000
000000000
000000000
000000000
000000000
000000000
000000000
000000000
000000000
000000000
000000000
000000000
000000000
000000000
000000000
000000000
000000000
000000000
000000000
000000000
000000000
000000000
000000000
000000000
000000000
000000000
000000000
000000000
000000000
000000000
000001053
000000047
000000000
000000000
000000000
000000000
00000205f
000000000
000000000
000000000
00000308f
000000000
000000000
000000000
000000000
00000409b
000000000
0000050a7
000000000
0000060d7
0000070e3
000000000
0000080ef
000000000
000000000
000000000
000000000
000000000
000000000
00000911f
000000000
000000000
000000000
000000000
000000000
000000000
000000000
000000000
00000a12b
000000000
00000b137
00000c167
00000d173
000000000
00000e17f
000000000
000000000
000000000
00000f1af
000000000
000000000
000000000
000000000
000000000
000000000
0000101bb
000000000
000000000
000000000
000000000
000000000
000000000
0000111c7
0000121f7
000013203
000000000
00001420f
000000000
00001624b
00001523f
000000000
000000000
000000000
000000000
000000000
000000000
000017257
000000000
000000000
000000000
000000000
000000000
000000000
000000000
000018287
000000000
000019293
00001a29f
00001b2cf
000000000
00001c2db
000000000
00001d2e7
000000000
000000000
000000000
000000000
000000000
000000000
000000000
000000000
000000000
000000000
000000000
000000000
000000000
000000000
000000000
000000000
000000000
000000000
000000000
000000000
000000000
000000000
000000000
000000000
000000000
000000000
000000000
000000000
000000000
000000000
000000000
000000000
000000000
000000000
000000000
000000000
000000000
000000000
000000000
000000000
000000000
000000000
000000000
000000000
000000000
000000000
000000000
000000000
000000000
000000000
000000000
000000000
000000000
000000000
000000000
000000000
000000000
000000000
000000000
000000000
000000000
000000000
000000000
000000000
000000000
000000000
000000000
000000000
000000000
000000000
000000000
000000000
000000000
000000000
000000000
000000000
000000000
000000000
000000000
000000000
000000000
000000000
000000000
000000000
000000000
000000000
000000000
000000000
000000000
000000000
000000000
000000000
000000000
000000000
000000000
000000000
000000000
000000000
000000000
000000000
000000000
000000000
000000000
000000000
000000000
000000000
000000000
000000000
000000000
00001e317
000000000
000000000
000000000
00001f323
000000000
000000000
000000000
000000000
000000000
00002032f
000000000
000000000
000000000
000000000
000000000
000000000
00002135f
000000000
000000000
000000000
00002236b
000000000
000000000
000000000
000023377
000000000
0000243a7
000000000
000000000
000000000
000000000
000000000
000000000
000000000
000000000
0000253b3
0000263bf
000000000
000000000
000000000
000000000
000000000
000000000
000000000
000000000
000000000
000000000
000000000
000000000
000000000
000000000
000000000
000000000
0000273ef
000000000
0000283fb
000000000
00002b05b
00002901f
00002a04f
00002c067
000000000
000000000
000000000
000000000
000000000
00002d097
000000000
000000000
000000000
000000000
000000000
000000000
000000000
000000000
00002e0a3
00002f0af
000000000
0000300df
0000310eb
000000000
0000320f7
000000000
000000000
000000000
000000000
000000000
000033127
000000000
000000000
000000000
000000000
000034133
000000000
000000000
000000000
000000000
000000000
000000000
00003513f
000000000
00003616f
00003717b
000000000
000000000
000000000
000038187
000000000
000000000
000000000
000000000
000000000
000000000
000000000
000000000
000000000
000000000
000000000
000000000
000000000
000000000
000000000
000000000
0000391b7
000000000
000000000
000000000
000000000
000000000
000000000
000000000
000000000
000000000
00003a1c3
000000000
00003b1cf
000000000
000000000
000000000
000000000
000000000
000000000
000000000
000000000
00003c1ff
000000000
00003d20b
000000000
000000000
000000000
00003e217
000000000
000000000
000000000
000000000
000000000
000000000
000000000
000000000
000000000
000000000
000000000
000000000
000000000
000000000
000000000
000000000
000000000
000000000
000000000
000000000
000000000
000000000
000000000
000000000
000000000
000000000
000000000
000000000
000000000
000000000
000000000
000000000
000000000
000000000
000000000
000000000
000000000
000000000
000000000
000000000
000000000
000000000
000000000
000000000
000000000
000000000
000000000
000000000
000000000
000000000
000000000
000000000
000000000
000000000
000000000
000000000
000000000
000000000
000000000
000000000
000000000
000000000
000000000
000000000
000000000
000000000
00003f247
000000000
000000000
000000000
000000000
000000000
000000000
00004125f
000000000
000000000
000000000
000000000
000000000
000000000
000040253
000000000
000000000
000000000
000000000
000000000
000000000
000000000
000000000
00004228f
00004329b
000000000
0000442a7
000000000
000000000
000000000
000000000
000000000
000000000
000000000
000000000
000000000
000000000
000000000
000000000
000000000
0000452d7
0000462e3
000000000
000000000
000000000
0000472ef
000000000
000000000
000000000
000000000
000000000
000000000
000000000
00004831f
000000000
000000000
00004932b
000000000
000000000
00004a337
000000000
000000000
000000000
000000000
000000000
00004b367
00004c373
000000000
00004d37f
000000000
000000000
000000000
000000000
000000000
000000000
000000000
000000000
00004e3af
00004f3bb
000000000
000000000
0000503c7
000000000
0000513f7
000000000
000000000
000000000
000000000
00005201b
000000000
000053027
000000000
000000000
000000000
000000000
000000000
000000000
000000000
000000000
000000000
000000000
000054057
000000000
000000000
000000000
000000000
000055063
000000000
00005606f
00005709f
0000580ab
000000000
000000000
000000000
000000000
0000590b7
000000000
000000000
000000000
000000000
000000000
000000000
000000000
000000000
000000000
000000000
000000000
00005a0e7
000000000
000000000
00005b0f3
00005c0ff
000000000
000000000
000000000
000000000
000000000
000000000
000000000
000000000
000000000
000000000
000000000
000000000
000000000
000000000
00005d12f
00005e13b
00005f147
000000000
