00000000
00000000
00000000
00000000
00000000
00000000
00000000
00000000
00000000
00000000
00000000
00000000
00000000
00000000
00000000
00000000
00000000
00000000
00000000
00000000
00000000
00000000
00000000
00000000
00000000
00000000
00000000
00000000
00000000
00000000
00000000
00000000
00000000
00000000
00000000
00000000
00000000
00000000
00000000
00000000
00000000
00000000
00000000
00000000
00000000
01211081
00000000
00000000
00000000
00000000
00000000
00000000
00000000
01615081
00000000
00000000
00000000
00000000
00000000
00000000
00000000
01a19081
00000000
00000000
00000000
00000000
00000000
00000000
00000000
01e1d081
00000000
00000000
00000000
00000000
00000000
00000000
00000000
02221081
00000000
00000000
00000000
00000000
00000000
00000000
00000000
02625081
00000000
00000000
00000000
00000000
00000000
00000000
00000000
02a29081
00000000
00000000
00000000
00000000
00000000
00000000
00000000
02e2d081
00000000
00000000
00000000
00000000
00000000
00000000
00000000
05251081
00000000
00000000
00000000
00000000
00000000
00000000
00000000
05655081
00000000
00000000
00000000
00000000
00000000
00000000
00000000
05a59081
00000000
00000000
00000000
00000000
00000000
00000000
00000000
05e5d081
00000000
00000000
00000000
00000000
00000000
00000000
00000000
06261081
00000000
00000000
00000000
00000000
00000000
00000000
00000000
06665081
00000000
00000000
00000000
00000000
00000000
00000000
00000000
06a69081
00000000
00000000
00000000
00000000
00000000
00000000
00000000
06e6d081
03c3a009
00000000
00000000
00000000
00000000
00000000
00000000
09291081
00000000
00000000
00000000
00000000
00000000
00000000
00000000
09695081
00000000
00000000
00000000
00000000
00000000
00000000
00000000
09a99081
00000000
00000000
00000000
00000000
00000000
00000000
00000000
09e9d081
00000000
00000000
00000000
00000000
00000000
00000000
00000000
0a2a1081
00000000
00000000
00000000
00000000
00000000
00000000
00000000
0a6a5081
00000000
00000000
00000000
00000000
00000000
00000000
00000000
0aaa9081
00000000
00000000
00000000
00000000
00000000
00000000
00000000
0aead081
07a78009
00000000
00000000
00000000
00000000
00000000
00000000
0d2d1081
00000000
00000000
00000000
00000000
00000000
00000000
00000000
0d6d5081
00000000
00000000
00000000
00000000
00000000
00000000
00000000
0dad9081
00000000
00000000
00000000
00000000
00000000
00000000
00000000
0dedd081
00000000
00000000
00000000
00000000
00000000
00000000
00000000
0e2e1081
00000000
00000000
00000000
00000000
00000000
00000000
00000000
0e6e5081
00000000
00000000
00000000
00000000
00000000
00000000
00000000
0eae9081
00000000
00000000
00000000
00000000
00000000
00000000
00000000
0eeed081
0b8b6009
00000000
00000000
00000000
00000000
00000000
00000000
11311081
00000000
00000000
00000000
00000000
00000000
00000000
00000000
11715081
00000000
00000000
00000000
00000000
00000000
00000000
00000000
11b19081
00000000
00000000
00000000
00000000
00000000
00000000
00000000
11f1d081
00000000
00000000
00000000
00000000
00000000
00000000
00000000
12321081
00000000
00000000
00000000
00000000
00000000
00000000
00000000
12725081
00000000
00000000
00000000
00000000
00000000
00000000
00000000
12b29081
00000000
00000000
00000000
00000000
00000000
00000000
00000000
12f2d081
0f6f4009
00000000
00000000
00000000
00000000
00000000
00000000
15351081
00000000
00000000
00000000
00000000
00000000
00000000
00000000
15755081
00000000
00000000
00000000
00000000
00000000
00000000
00000000
15b59081
00000000
00000000
00000000
00000000
00000000
00000000
00000000
15f5d081
00000000
00000000
00000000
00000000
00000000
00000000
00000000
16361081
00000000
00000000
00000000
00000000
00000000
00000000
00000000
16765081
00000000
00000000
00000000
00000000
00000000
00000000
00000000
16b69081
00000000
00000000
00000000
00000000
00000000
00000000
00000000
16f6d081
13532009
00000000
00000000
00000000
00000000
00000000
00000000
19391081
00000000
00000000
00000000
00000000
00000000
00000000
00000000
19795081
00000000
00000000
00000000
00000000
00000000
00000000
00000000
19b99081
00000000
00000000
00000000
00000000
00000000
00000000
00000000
19f9d081
00000000
00000000
00000000
00000000
00000000
00000000
00000000
1a3a1081
00000000
00000000
00000000
00000000
00000000
00000000
00000000
1a7a5081
00000000
00000000
00000000
00000000
00000000
00000000
00000000
1aba9081
00000000
00000000
00000000
00000000
00000000
00000000
00000000
1afad081
17370009
00000000
00000000
00000000
00000000
00000000
00000000
1d3d1081
00000000
00000000
00000000
00000000
00000000
00000000
00000000
1d7d5081
00000000
00000000
00000000
00000000
00000000
00000000
00000000
1dbd9081
00000000
00000000
00000000
00000000
00000000
00000000
00000000
1dfdd081
00000000
00000000
00000000
00000000
00000000
00000000
00000000
1e3e1081
00000000
00000000
00000000
00000000
00000000
00000000
00000000
1e7e5081
00000000
00000000
00000000
00000000
00000000
00000000
00000000
1ebe9081
00000000
00000000
00000000
00000000
00000000
00000000
00000000
1efed081
1b1ae009
00000000
00000000
00000000
00000000
00000000
00000000
01211081
00000000
00000000
00000000
00000000
00000000
00000000
00000000
01615081
00000000
00000000
00000000
00000000
00000000
00000000
00000000
01a19081
00000000
00000000
00000000
00000000
00000000
00000000
00000000
01e1d081
00000000
00000000
00000000
00000000
00000000
00000000
00000000
02221081
00000000
00000000
00000000
00000000
00000000
00000000
00000000
02625081
00000000
00000000
00000000
00000000
00000000
00000000
00000000
02a29081
00000000
00000000
00000000
00000000
00000000
00000000
00000000
02e2d081
1efec009
00000000
00000000
00000000
00000000
00000000
00000000
05251081
00000000
00000000
00000000
00000000
00000000
00000000
00000000
05655081
00000000
00000000
00000000
00000000
00000000
00000000
00000000
05a59081
00000000
00000000
00000000
00000000
00000000
00000000
00000000
05e5d081
00000000
00000000
00000000
00000000
00000000
00000000
00000000
06261081
00000000
00000000
00000000
00000000
00000000
00000000
00000000
06665081
00000000
00000000
00000000
00000000
00000000
00000000
00000000
06a69081
00000000
00000000
00000000
00000000
00000000
00000000
00000000
06e6d081
02c2a009
00000000
00000000
00000000
00000000
00000000
00000000
09291081
00000000
00000000
00000000
00000000
00000000
00000000
00000000
09695081
00000000
00000000
00000000
00000000
00000000
00000000
00000000
09a99081
00000000
00000000
00000000
00000000
00000000
00000000
00000000
09e9d081
00000000
00000000
00000000
00000000
00000000
00000000
00000000
0a2a1081
00000000
00000000
00000000
00000000
00000000
00000000
00000000
0a6a5081
00000000
00000000
00000000
00000000
00000000
00000000
00000000
0aaa9081
00000000
00000000
00000000
00000000
00000000
00000000
00000000
0aead081
06a68009
00000000
00000000
00000000
00000000
00000000
00000000
0d2d1081
00000000
00000000
00000000
00000000
00000000
00000000
00000000
0d6d5081
00000000
00000000
00000000
00000000
00000000
00000000
00000000
0dad9081
00000000
00000000
00000000
00000000
00000000
00000000
00000000
0dedd081
00000000
00000000
00000000
00000000
00000000
00000000
00000000
0e2e1081
00000000
00000000
00000000
00000000
00000000
00000000
00000000
0e6e5081
00000000
00000000
00000000
00000000
00000000
00000000
00000000
0eae9081
00000000
00000000
00000000
00000000
00000000
00000000
00000000
0eeed081
0a8a6009
00000000
00000000
00000000
00000000
00000000
00000000
11311081
00000000
00000000
00000000
00000000
00000000
00000000
00000000
11715081
00000000
00000000
00000000
00000000
00000000
00000000
00000000
11b19081
00000000
00000000
00000000
00000000
00000000
00000000
00000000
11f1d081
00000000
00000000
00000000
00000000
00000000
00000000
00000000
12321081
00000000
00000000
00000000
00000000
00000000
00000000
00000000
12725081
00000000
00000000
00000000
00000000
00000000
00000000
00000000
12b29081
00000000
00000000
00000000
00000000
00000000
00000000
00000000
12f2d081
0e6e4009
00000000
00000000
00000000
00000000
00000000
00000000
15351081
00000000
00000000
00000000
00000000
00000000
00000000
00000000
15755081
00000000
00000000
00000000
00000000
00000000
00000000
00000000
15b59081
00000000
00000000
00000000
00000000
00000000
00000000
00000000
15f5d081
00000000
00000000
00000000
00000000
00000000
00000000
00000000
16361081
00000000
00000000
00000000
00000000
00000000
00000000
00000000
16765081
00000000
00000000
00000000
00000000
00000000
00000000
00000000
16b69081
00000000
00000000
00000000
00000000
00000000
00000000
00000000
16f6d081
12522009
00000000
00000000
00000000
00000000
00000000
00000000
19391081
00000000
00000000
00000000
00000000
00000000
00000000
00000000
19795081
00000000
00000000
00000000
00000000
00000000
00000000
00000000
19b99081
00000000
00000000
00000000
00000000
00000000
00000000
00000000
19f9d081
00000000
00000000
00000000
00000000
00000000
00000000
00000000
1a3a1081
00000000
00000000
00000000
00000000
00000000
00000000
00000000
1a7a5081
00000000
00000000
00000000
00000000
00000000
00000000
00000000
1aba9081
00000000
00000000
00000000
00000000
00000000
00000000
00000000
1afad081
16360009
00000000
00000000
00000000
00000000
00000000
00000000
1d3d1081
00000000
00000000
00000000
00000000
00000000
00000000
00000000
1d7d5081
00000000
00000000
00000000
00000000
00000000
00000000
00000000
1dbd9081
00000000
00000000
00000000
00000000
00000000
00000000
00000000
1dfdd081
00000000
00000000
00000000
00000000
00000000
00000000
00000000
1e3e1081
00000000
00000000
00000000
00000000
00000000
00000000
00000000
1e7e5081
00000000
00000000
00000000
00000000
00000000
00000000
00000000
1ebe9081
00000000
00000000
00000000
00000000
00000000
00000000
00000000
1efed081
1a19e009
00000000
00000000
00000000
00000000
00000000
00000000
01211081
00000000
00000000
00000000
00000000
00000000
00000000
00000000
01615081
00000000
00000000
00000000
00000000
00000000
00000000
00000000
01a19081
00000000
00000000
00000000
00000000
00000000
00000000
00000000
01e1d081
00000000
00000000
00000000
00000000
00000000
00000000
00000000
02221081
00000000
00000000
00000000
00000000
00000000
00000000
00000000
02625081
00000000
00000000
00000000
00000000
00000000
00000000
00000000
02a29081
00000000
00000000
00000000
00000000
00000000
00000000
00000000
02e2d081
1dfdc009
00000000
00000000
00000000
00000000
00000000
00000000
05251081
00000000
00000000
00000000
00000000
00000000
00000000
00000000
05655081
00000000
00000000
00000000
00000000
00000000
00000000
00000000
05a59081
00000000
00000000
00000000
00000000
00000000
00000000
00000000
05e5d081
00000000
00000000
00000000
00000000
00000000
00000000
00000000
06261081
00000000
00000000
00000000
00000000
00000000
00000000
00000000
06665081
00000000
00000000
00000000
00000000
00000000
00000000
00000000
06a69081
00000000
00000000
00000000
00000000
00000000
00000000
00000000
06e6d081
01c1a009
00000000
00000000
00000000
00000000
00000000
00000000
09291081
00000000
00000000
00000000
00000000
00000000
00000000
00000000
09695081
00000000
00000000
00000000
00000000
00000000
00000000
00000000
09a99081
00000000
00000000
00000000
00000000
00000000
00000000
00000000
09e9d081
00000000
00000000
00000000
00000000
00000000
00000000
00000000
0a2a1081
00000000
00000000
00000000
00000000
00000000
00000000
00000000
0a6a5081
00000000
00000000
00000000
00000000
00000000
00000000
00000000
0aaa9081
00000000
00000000
00000000
00000000
00000000
00000000
00000000
0aead081
05a58009
00000000
00000000
00000000
00000000
00000000
00000000
0d2d1081
00000000
00000000
00000000
00000000
00000000
00000000
00000000
0d6d5081
00000000
00000000
00000000
00000000
00000000
00000000
00000000
0dad9081
00000000
00000000
00000000
00000000
00000000
00000000
00000000
0dedd081
00000000
00000000
00000000
00000000
00000000
00000000
00000000
0e2e1081
00000000
00000000
00000000
00000000
00000000
00000000
00000000
0e6e5081
00000000
00000000
00000000
00000000
00000000
00000000
00000000
0eae9081
00000000
00000000
00000000
00000000
00000000
00000000
00000000
0eeed081
09896009
00000000
00000000
00000000
00000000
00000000
00000000
11311081
00000000
00000000
00000000
00000000
00000000
00000000
00000000
11715081
00000000
00000000
00000000
00000000
00000000
00000000
00000000
11b19081
00000000
00000000
00000000
00000000
00000000
00000000
00000000
11f1d081
00000000
00000000
00000000
00000000
00000000
00000000
00000000
12321081
00000000
00000000
00000000
00000000
00000000
00000000
00000000
12725081
00000000
00000000
00000000
00000000
00000000
00000000
00000000
12b29081
00000000
00000000
00000000
00000000
00000000
00000000
00000000
12f2d081
0d6d4009
00000000
00000000
00000000
00000000
00000000
00000000
15351081
00000000
00000000
00000000
00000000
00000000
00000000
00000000
15755081
00000000
00000000
00000000
00000000
00000000
00000000
00000000
15b59081
00000000
00000000
00000000
00000000
00000000
00000000
00000000
15f5d081
00000000
00000000
00000000
00000000
00000000
00000000
00000000
16361081
00000000
00000000
00000000
00000000
00000000
00000000
00000000
16765081
00000000
00000000
00000000
00000000
00000000
00000000
00000000
16b69081
00000000
00000000
00000000
00000000
00000000
00000000
00000000
16f6d081
11512009
00000000
00000000
00000000
00000000
00000000
00000000
19391081
00000000
00000000
00000000
00000000
00000000
00000000
00000000
19795081
00000000
00000000
00000000
00000000
00000000
00000000
00000000
19b99081
00000000
00000000
00000000
00000000
00000000
00000000
00000000
19f9d081
00000000
00000000
00000000
00000000
00000000
00000000
00000000
1a3a1081
00000000
00000000
00000000
00000000
00000000
00000000
00000000
1a7a5081
00000000
00000000
00000000
00000000
00000000
00000000
00000000
1aba9081
00000000
00000000
00000000
00000000
00000000
00000000
00000000
1afad081
15350009
00000000
00000000
00000000
00000000
00000000
00000000
1d3d1081
00000000
00000000
00000000
00000000
00000000
00000000
00000000
1d7d5081
00000000
00000000
00000000
00000000
00000000
00000000
00000000
1dbd9081
00000000
00000000
00000000
00000000
00000000
00000000
00000000
1dfdd081
00000000
00000000
00000000
00000000
00000000
00000000
00000000
1e3e1081
00000000
00000000
00000000
00000000
00000000
00000000
00000000
1e7e5081
00000000
00000000
00000000
00000000
00000000
00000000
00000000
1ebe9081
00000000
00000000
00000000
00000000
00000000
00000000
00000000
1efed081
1918e009
00000000
00000000
00000000
00000000
00000000
00000000
01211081
00000000
00000000
00000000
00000000
00000000
00000000
00000000
01615081
00000000
00000000
00000000
00000000
00000000
00000000
00000000
01a19081
00000000
00000000
00000000
00000000
00000000
00000000
00000000
01e1d081
00000000
00000000
00000000
00000000
00000000
00000000
00000000
02221081
00000000
00000000
00000000
00000000
00000000
00000000
00000000
02625081
00000000
00000000
00000000
00000000
00000000
00000000
00000000
02a29081
00000000
00000000
00000000
00000000
00000000
00000000
00000000
02e2d081
1cfcc009
00000000
00000000
00000000
00000000
00000000
00000000
05251081
00000000
00000000
00000000
00000000
00000000
00000000
00000000
05655081
00000000
00000000
00000000
00000000
00000000
00000000
00000000
05a59081
00000000
00000000
00000000
00000000
00000000
00000000
00000000
05e5d081
00000000
00000000
00000000
00000000
00000000
00000000
00000000
06261081
00000000
00000000
00000000
00000000
00000000
00000000
00000000
06665081
00000000
00000000
00000000
00000000
00000000
00000000
00000000
06a69081
00000000
00000000
00000000
00000000
00000000
00000000
00000000
06e6d081
00c0a009
00000000
00000000
00000000
00000000
00000000
00000000
09291081
00000000
00000000
00000000
00000000
00000000
00000000
00000000
09695081
00000000
00000000
00000000
00000000
00000000
00000000
00000000
09a99081
00000000
00000000
00000000
00000000
00000000
00000000
00000000
09e9d081
00000000
00000000
00000000
00000000
00000000
00000000
00000000
0a2a1081
00000000
00000000
00000000
00000000
00000000
00000000
00000000
0a6a5081
00000000
00000000
00000000
00000000
00000000
00000000
00000000
0aaa9081
00000000
00000000
00000000
00000000
00000000
00000000
00000000
0aead081
04a48009
00000000
00000000
00000000
00000000
00000000
00000000
0d2d1081
00000000
00000000
00000000
00000000
00000000
00000000
00000000
0d6d5081
00000000
00000000
00000000
00000000
00000000
00000000
00000000
0dad9081
00000000
00000000
00000000
00000000
00000000
00000000
00000000
0dedd081
00000000
00000000
00000000
00000000
00000000
00000000
00000000
0e2e1081
00000000
00000000
00000000
00000000
00000000
00000000
00000000
0e6e5081
00000000
00000000
00000000
00000000
00000000
00000000
00000000
0eae9081
00000000
00000000
00000000
00000000
00000000
00000000
00000000
0eeed081
08886009
00000000
00000000
00000000
00000000
00000000
00000000
11311081
00000000
00000000
00000000
00000000
00000000
00000000
00000000
11715081
00000000
00000000
00000000
00000000
00000000
00000000
00000000
11b19081
00000000
00000000
00000000
00000000
00000000
00000000
00000000
11f1d081
00000000
00000000
00000000
00000000
00000000
00000000
00000000
12321081
00000000
00000000
00000000
00000000
00000000
00000000
00000000
12725081
00000000
00000000
00000000
00000000
00000000
00000000
00000000
12b29081
00000000
00000000
00000000
00000000
00000000
00000000
00000000
12f2d081
0c6c4009
00000000
00000000
00000000
00000000
00000000
00000000
15351081
00000000
00000000
00000000
00000000
00000000
00000000
00000000
15755081
00000000
00000000
00000000
00000000
00000000
00000000
00000000
15b59081
00000000
00000000
00000000
00000000
00000000
00000000
00000000
15f5d081
00000000
00000000
00000000
00000000
00000000
00000000
00000000
16361081
00000000
00000000
00000000
00000000
00000000
00000000
00000000
16765081
00000000
00000000
00000000
00000000
00000000
00000000
00000000
16b69081
00000000
00000000
00000000
00000000
00000000
00000000
00000000
16f6d081
10502009
00000000
00000000
00000000
00000000
00000000
00000000
19391081
00000000
00000000
00000000
00000000
00000000
00000000
00000000
19795081
00000000
00000000
00000000
00000000
00000000
00000000
00000000
19b99081
00000000
00000000
00000000
00000000
00000000
00000000
00000000
19f9d081
00000000
00000000
00000000
00000000
00000000
00000000
00000000
1a3a1081
00000000
00000000
00000000
00000000
00000000
00000000
00000000
1a7a5081
00000000
00000000
00000000
00000000
00000000
00000000
00000000
1aba9081
00000000
00000000
00000000
00000000
00000000
00000000
00000000
1afad081
14340009
00000000
00000000
00000000
00000000
00000000
00000000
1d3d1081
00000000
00000000
00000000
00000000
00000000
00000000
00000000
1d7d5081
00000000
00000000
00000000
00000000
00000000
00000000
00000000
1dbd9081
00000000
00000000
00000000
00000000
00000000
00000000
00000000
1dfdd081
00000000
00000000
00000000
00000000
00000000
00000000
00000000
1e3e1081
00000000
00000000
00000000
00000000
00000000
00000000
00000000
1e7e5081
00000000
00000000
00000000
00000000
00000000
00000000
00000000
1ebe9081
00000000
00000000
00000000
00000000
00000000
00000000
00000000
1efed081
1817e009
00000000
00000000
00000000
00000000
00000000
00000000
01211081
00000000
00000000
00000000
00000000
00000000
00000000
00000000
01615081
00000000
00000000
00000000
00000000
00000000
00000000
00000000
01a19081
00000000
00000000
00000000
00000000
00000000
00000000
00000000
01e1d081
00000000
00000000
00000000
00000000
00000000
00000000
00000000
02221081
00000000
00000000
00000000
00000000
00000000
00000000
00000000
02625081
00000000
00000000
00000000
00000000
00000000
00000000
00000000
02a29081
00000000
00000000
00000000
00000000
00000000
00000000
00000000
02e2d081
1bfbc009
00000000
00000000
00000000
00000000
00000000
00000000
05251081
00000000
00000000
00000000
00000000
00000000
00000000
00000000
05655081
00000000
00000000
00000000
00000000
00000000
00000000
00000000
05a59081
00000000
00000000
00000000
00000000
00000000
00000000
00000000
05e5d081
00000000
00000000
00000000
00000000
00000000
00000000
00000000
06261081
00000000
00000000
00000000
00000000
00000000
00000000
00000000
06665081
00000000
00000000
00000000
00000000
00000000
00000000
00000000
06a69081
00000000
00000000
00000000
00000000
00000000
00000000
00000000
06e6d081
1fdfa009
00000000
00000000
00000000
00000000
00000000
00000000
09291081
00000000
00000000
00000000
00000000
00000000
00000000
00000000
09695081
00000000
00000000
00000000
00000000
00000000
00000000
00000000
09a99081
00000000
00000000
00000000
00000000
00000000
00000000
00000000
09e9d081
00000000
00000000
00000000
00000000
00000000
00000000
00000000
0a2a1081
00000000
00000000
00000000
00000000
00000000
00000000
00000000
0a6a5081
00000000
00000000
00000000
00000000
00000000
00000000
00000000
0aaa9081
00000000
00000000
00000000
00000000
00000000
00000000
00000000
0aead081
03a38009
00000000
00000000
00000000
00000000
00000000
00000000
0d2d1081
00000000
00000000
00000000
00000000
00000000
00000000
00000000
0d6d5081
00000000
00000000
00000000
00000000
00000000
00000000
00000000
0dad9081
00000000
00000000
00000000
00000000
00000000
00000000
00000000
0dedd081
00000000
00000000
00000000
00000000
00000000
00000000
00000000
0e2e1081
00000000
00000000
00000000
00000000
00000000
00000000
00000000
0e6e5081
00000000
00000000
00000000
00000000
00000000
00000000
00000000
0eae9081
00000000
00000000
00000000
00000000
00000000
00000000
00000000
0eeed081
07876009
00000000
00000000
00000000
00000000
00000000
00000000
11311081
00000000
00000000
00000000
00000000
00000000
00000000
00000000
11715081
00000000
00000000
00000000
00000000
00000000
00000000
00000000
11b19081
00000000
00000000
00000000
00000000
00000000
00000000
00000000
11f1d081
00000000
00000000
00000000
00000000
00000000
00000000
00000000
12321081
00000000
00000000
00000000
00000000
00000000
00000000
00000000
12725081
00000000
00000000
00000000
00000000
00000000
00000000
00000000
12b29081
00000000
00000000
00000000
00000000
00000000
00000000
00000000
12f2d081
0b6b4009
00000000
00000000
00000000
00000000
00000000
00000000
15351081
00000000
00000000
00000000
00000000
00000000
00000000
00000000
15755081
00000000
00000000
00000000
00000000
00000000
00000000
00000000
15b59081
00000000
00000000
00000000
00000000
00000000
00000000
00000000
15f5d081
00000000
00000000
00000000
00000000
00000000
00000000
00000000
16361081
00000000
00000000
00000000
00000000
00000000
00000000
00000000
16765081
00000000
00000000
00000000
00000000
00000000
00000000
00000000
16b69081
00000000
00000000
00000000
00000000
00000000
00000000
00000000
16f6d081
0f4f2009
00000000
00000000
00000000
00000000
00000000
00000000
19391081
00000000
00000000
00000000
00000000
00000000
00000000
00000000
19795081
00000000
00000000
00000000
00000000
00000000
00000000
00000000
19b99081
00000000
00000000
00000000
00000000
00000000
00000000
00000000
19f9d081
00000000
00000000
00000000
00000000
00000000
00000000
00000000
1a3a1081
00000000
00000000
00000000
00000000
00000000
00000000
00000000
1a7a5081
00000000
00000000
00000000
00000000
00000000
00000000
00000000
1aba9081
00000000
00000000
00000000
00000000
00000000
00000000
00000000
1afad081
13330009
00000000
00000000
00000000
00000000
00000000
00000000
1d3d1081
00000000
00000000
00000000
00000000
00000000
00000000
00000000
1d7d5081
00000000
00000000
00000000
00000000
00000000
00000000
00000000
1dbd9081
00000000
00000000
00000000
00000000
00000000
00000000
00000000
1dfdd081
00000000
00000000
00000000
00000000
00000000
00000000
00000000
1e3e1081
00000000
00000000
00000000
00000000
00000000
00000000
00000000
1e7e5081
00000000
00000000
00000000
00000000
00000000
00000000
00000000
1ebe9081
00000000
00000000
00000000
00000000
00000000
00000000
00000000
1efed081
1716e009
00000000
00000000
00000000
00000000
00000000
00000000
01211081
00000000
00000000
00000000
00000000
00000000
00000000
00000000
01615081
00000000
00000000
00000000
00000000
00000000
00000000
00000000
01a19081
00000000
00000000
00000000
00000000
00000000
00000000
00000000
01e1d081
00000000
00000000
00000000
00000000
00000000
00000000
00000000
02221081
00000000
00000000
00000000
00000000
00000000
00000000
00000000
02625081
00000000
00000000
00000000
00000000
00000000
00000000
00000000
02a29081
00000000
00000000
00000000
00000000
00000000
00000000
00000000
02e2d081
1afac009
00000000
00000000
00000000
00000000
00000000
00000000
05251081
00000000
00000000
00000000
00000000
00000000
00000000
00000000
05655081
00000000
00000000
00000000
00000000
00000000
00000000
00000000
05a59081
00000000
00000000
00000000
00000000
00000000
00000000
00000000
05e5d081
00000000
00000000
00000000
00000000
00000000
00000000
00000000
06261081
00000000
00000000
00000000
00000000
00000000
00000000
00000000
06665081
00000000
00000000
00000000
00000000
00000000
00000000
00000000
06a69081
00000000
00000000
00000000
00000000
00000000
00000000
00000000
06e6d081
1edea009
00000000
00000000
00000000
00000000
00000000
00000000
09291081
00000000
00000000
00000000
00000000
00000000
00000000
00000000
09695081
00000000
00000000
00000000
00000000
00000000
00000000
00000000
09a99081
00000000
00000000
00000000
00000000
00000000
00000000
00000000
09e9d081
00000000
00000000
00000000
00000000
00000000
00000000
00000000
0a2a1081
00000000
00000000
00000000
00000000
00000000
00000000
00000000
0a6a5081
00000000
00000000
00000000
00000000
00000000
00000000
00000000
0aaa9081
00000000
00000000
00000000
00000000
00000000
00000000
00000000
0aead081
02a28009
00000000
00000000
00000000
00000000
00000000
00000000
0d2d1081
00000000
00000000
00000000
00000000
00000000
00000000
00000000
0d6d5081
00000000
00000000
00000000
00000000
00000000
00000000
00000000
0dad9081
00000000
00000000
00000000
00000000
00000000
00000000
00000000
0dedd081
00000000
00000000
00000000
00000000
00000000
00000000
00000000
0e2e1081
00000000
00000000
00000000
00000000
00000000
00000000
00000000
0e6e5081
00000000
00000000
00000000
00000000
00000000
00000000
00000000
0eae9081
00000000
00000000
00000000
00000000
00000000
00000000
00000000
0eeed081
06866009
00000000
00000000
00000000
00000000
00000000
00000000
11311081
00000000
00000000
00000000
00000000
00000000
00000000
00000000
11715081
00000000
00000000
00000000
00000000
00000000
00000000
00000000
11b19081
00000000
00000000
00000000
00000000
00000000
00000000
00000000
11f1d081
00000000
00000000
00000000
00000000
00000000
00000000
00000000
12321081
00000000
00000000
00000000
00000000
00000000
00000000
00000000
12725081
00000000
00000000
00000000
00000000
00000000
00000000
00000000
12b29081
00000000
00000000
00000000
00000000
00000000
00000000
00000000
12f2d081
0a6a4009
00000000
00000000
00000000
00000000
00000000
00000000
15351081
00000000
00000000
00000000
00000000
00000000
00000000
00000000
15755081
00000000
00000000
00000000
00000000
00000000
00000000
00000000
15b59081
00000000
00000000
00000000
00000000
00000000
00000000
00000000
15f5d081
00000000
00000000
00000000
00000000
00000000
00000000
00000000
16361081
00000000
00000000
00000000
00000000
00000000
00000000
00000000
16765081
00000000
00000000
00000000
00000000
00000000
00000000
00000000
16b69081
00000000
00000000
00000000
00000000
00000000
00000000
00000000
16f6d081
0e4e2009
00000000
00000000
00000000
00000000
00000000
00000000
19391081
00000000
00000000
00000000
00000000
00000000
00000000
00000000
19795081
00000000
00000000
00000000
00000000
00000000
00000000
00000000
19b99081
00000000
00000000
00000000
00000000
00000000
00000000
00000000
19f9d081
00000000
00000000
00000000
00000000
00000000
00000000
00000000
1a3a1081
00000000
00000000
00000000
00000000
00000000
00000000
00000000
1a7a5081
00000000
00000000
00000000
00000000
00000000
00000000
00000000
1aba9081
00000000
00000000
00000000
00000000
00000000
00000000
00000000
1afad081
12320009
00000000
00000000
00000000
00000000
00000000
00000000
1d3d1081
00000000
00000000
00000000
00000000
00000000
00000000
00000000
1d7d5081
00000000
00000000
00000000
00000000
00000000
00000000
00000000
1dbd9081
00000000
00000000
00000000
00000000
00000000
00000000
00000000
1dfdd081
00000000
00000000
00000000
00000000
00000000
00000000
00000000
1e3e1081
00000000
00000000
00000000
00000000
00000000
00000000
00000000
1e7e5081
00000000
00000000
00000000
00000000
00000000
00000000
00000000
1ebe9081
00000000
00000000
00000000
00000000
00000000
00000000
00000000
1efed081
1615e009
00000000
00000000
00000000
00000000
00000000
00000000
01211081
00000000
00000000
00000000
00000000
00000000
00000000
00000000
01615081
00000000
00000000
00000000
00000000
00000000
00000000
00000000
01a19081
00000000
00000000
00000000
00000000
00000000
00000000
00000000
01e1d081
00000000
00000000
00000000
00000000
00000000
00000000
00000000
02221081
00000000
00000000
00000000
00000000
00000000
00000000
00000000
02625081
00000000
00000000
00000000
00000000
00000000
00000000
00000000
02a29081
00000000
00000000
00000000
00000000
00000000
00000000
00000000
02e2d081
19f9c009
00000000
00000000
00000000
00000000
00000000
00000000
05251081
00000000
00000000
00000000
00000000
00000000
00000000
00000000
05655081
00000000
00000000
00000000
00000000
00000000
00000000
00000000
05a59081
00000000
00000000
00000000
00000000
00000000
00000000
00000000
05e5d081
00000000
00000000
00000000
00000000
00000000
00000000
00000000
06261081
00000000
00000000
00000000
00000000
00000000
00000000
00000000
06665081
00000000
00000000
00000000
00000000
00000000
00000000
00000000
06a69081
00000000
00000000
00000000
00000000
00000000
00000000
00000000
06e6d081
1ddda009
00000000
00000000
00000000
00000000
00000000
00000000
09291081
00000000
00000000
00000000
00000000
00000000
00000000
00000000
09695081
00000000
00000000
00000000
00000000
00000000
00000000
00000000
09a99081
00000000
00000000
00000000
00000000
00000000
00000000
00000000
09e9d081
00000000
00000000
00000000
00000000
00000000
00000000
00000000
0a2a1081
00000000
00000000
00000000
00000000
00000000
00000000
00000000
0a6a5081
00000000
00000000
00000000
00000000
00000000
00000000
00000000
0aaa9081
00000000
00000000
00000000
00000000
00000000
00000000
00000000
0aead081
01a18009
00000000
00000000
00000000
00000000
00000000
00000000
0d2d1081
00000000
00000000
00000000
00000000
00000000
00000000
00000000
0d6d5081
00000000
00000000
00000000
00000000
00000000
00000000
00000000
0dad9081
00000000
00000000
00000000
00000000
00000000
00000000
00000000
0dedd081
00000000
00000000
00000000
00000000
00000000
00000000
00000000
0e2e1081
00000000
00000000
00000000
00000000
00000000
00000000
00000000
0e6e5081
00000000
00000000
00000000
00000000
00000000
00000000
00000000
0eae9081
00000000
00000000
00000000
00000000
00000000
00000000
00000000
0eeed081
05856009
00000000
00000000
00000000
00000000
00000000
00000000
11311081
00000000
00000000
00000000
00000000
00000000
00000000
00000000
11715081
00000000
00000000
00000000
00000000
00000000
00000000
00000000
11b19081
00000000
00000000
00000000
00000000
00000000
00000000
00000000
11f1d081
00000000
00000000
00000000
00000000
00000000
00000000
00000000
12321081
00000000
00000000
00000000
00000000
00000000
00000000
00000000
12725081
00000000
00000000
00000000
00000000
00000000
00000000
00000000
12b29081
00000000
00000000
00000000
00000000
00000000
00000000
00000000
12f2d081
09694009
00000000
00000000
00000000
00000000
00000000
00000000
15351081
00000000
00000000
00000000
00000000
00000000
00000000
00000000
15755081
00000000
00000000
00000000
00000000
00000000
00000000
00000000
15b59081
00000000
00000000
00000000
00000000
00000000
00000000
00000000
15f5d081
00000000
00000000
00000000
00000000
00000000
00000000
00000000
16361081
00000000
00000000
00000000
00000000
00000000
00000000
00000000
16765081
00000000
00000000
00000000
00000000
00000000
00000000
00000000
16b69081
00000000
00000000
00000000
00000000
00000000
00000000
00000000
16f6d081
0d4d2009
00000000
00000000
00000000
00000000
00000000
00000000
19391081
00000000
00000000
00000000
00000000
00000000
00000000
00000000
19795081
00000000
00000000
00000000
00000000
00000000
00000000
00000000
19b99081
00000000
00000000
00000000
00000000
00000000
00000000
00000000
19f9d081
00000000
00000000
00000000
00000000
00000000
00000000
00000000
1a3a1081
00000000
00000000
00000000
00000000
00000000
00000000
00000000
1a7a5081
00000000
00000000
00000000
00000000
00000000
00000000
00000000
1aba9081
00000000
00000000
00000000
00000000
00000000
00000000
00000000
1afad081
11310009
00000000
00000000
00000000
00000000
00000000
00000000
1d3d1081
00000000
00000000
00000000
00000000
00000000
00000000
00000000
1d7d5081
00000000
00000000
00000000
00000000
00000000
00000000
00000000
1dbd9081
00000000
00000000
00000000
00000000
00000000
00000000
00000000
1dfdd081
00000000
00000000
00000000
00000000
00000000
00000000
00000000
1e3e1081
00000000
00000000
00000000
00000000
00000000
00000000
00000000
1e7e5081
00000000
00000000
00000000
00000000
00000000
00000000
00000000
1ebe9081
00000000
00000000
00000000
00000000
00000000
00000000
00000000
1efed081
1514e009
00000000
00000000
00000000
00000000
00000000
00000000
01211081
00000000
00000000
00000000
00000000
00000000
00000000
00000000
01615081
00000000
00000000
00000000
00000000
00000000
00000000
00000000
01a19081
00000000
00000000
00000000
00000000
00000000
00000000
00000000
01e1d081
00000000
00000000
00000000
00000000
00000000
00000000
00000000
02221081
00000000
00000000
00000000
00000000
00000000
00000000
00000000
02625081
00000000
00000000
00000000
00000000
00000000
00000000
00000000
02a29081
00000000
00000000
00000000
00000000
00000000
00000000
00000000
02e2d081
18f8c009
00000000
00000000
00000000
00000000
00000000
00000000
05251081
00000000
00000000
00000000
00000000
00000000
00000000
00000000
05655081
00000000
00000000
00000000
00000000
00000000
00000000
00000000
05a59081
00000000
00000000
00000000
00000000
00000000
00000000
00000000
05e5d081
00000000
00000000
00000000
00000000
00000000
00000000
00000000
06261081
00000000
00000000
00000000
00000000
00000000
00000000
00000000
06665081
00000000
00000000
00000000
00000000
00000000
00000000
00000000
06a69081
00000000
00000000
00000000
00000000
00000000
00000000
00000000
06e6d081
1cdca009
00000000
00000000
00000000
00000000
00000000
00000000
09291081
00000000
00000000
00000000
00000000
00000000
00000000
00000000
09695081
00000000
00000000
00000000
00000000
00000000
00000000
00000000
09a99081
00000000
00000000
00000000
00000000
00000000
00000000
00000000
09e9d081
00000000
00000000
00000000
00000000
00000000
00000000
00000000
0a2a1081
00000000
00000000
00000000
00000000
00000000
00000000
00000000
0a6a5081
00000000
00000000
00000000
00000000
00000000
00000000
00000000
0aaa9081
00000000
00000000
00000000
00000000
00000000
00000000
00000000
0aead081
00a08009
00000000
00000000
00000000
00000000
00000000
00000000
0d2d1081
00000000
00000000
00000000
00000000
00000000
00000000
00000000
0d6d5081
00000000
00000000
00000000
00000000
00000000
00000000
00000000
0dad9081
00000000
00000000
00000000
00000000
00000000
00000000
00000000
0dedd081
00000000
00000000
00000000
00000000
00000000
00000000
00000000
0e2e1081
00000000
00000000
00000000
00000000
00000000
00000000
00000000
0e6e5081
00000000
00000000
00000000
00000000
00000000
00000000
00000000
0eae9081
00000000
00000000
00000000
00000000
00000000
00000000
00000000
0eeed081
04846009
00000000
00000000
00000000
00000000
00000000
00000000
11311081
00000000
00000000
00000000
00000000
00000000
00000000
00000000
11715081
00000000
00000000
00000000
00000000
00000000
00000000
00000000
11b19081
00000000
00000000
00000000
00000000
00000000
00000000
00000000
11f1d081
00000000
00000000
00000000
00000000
00000000
00000000
00000000
12321081
00000000
00000000
00000000
00000000
00000000
00000000
00000000
12725081
00000000
00000000
00000000
00000000
00000000
00000000
00000000
12b29081
00000000
00000000
00000000
00000000
00000000
00000000
00000000
12f2d081
08684009
00000000
00000000
00000000
00000000
00000000
00000000
15351081
00000000
00000000
00000000
00000000
00000000
00000000
00000000
15755081
00000000
00000000
00000000
00000000
00000000
00000000
00000000
15b59081
00000000
00000000
00000000
00000000
00000000
00000000
00000000
15f5d081
00000000
00000000
00000000
00000000
00000000
00000000
00000000
16361081
00000000
00000000
00000000
00000000
00000000
00000000
00000000
16765081
00000000
00000000
00000000
00000000
00000000
00000000
00000000
16b69081
00000000
00000000
00000000
00000000
00000000
00000000
00000000
16f6d081
0c4c2009
00000000
00000000
00000000
00000000
00000000
00000000
19391081
00000000
00000000
00000000
00000000
00000000
00000000
00000000
19795081
00000000
00000000
00000000
00000000
00000000
00000000
00000000
19b99081
00000000
00000000
00000000
00000000
00000000
00000000
00000000
19f9d081
00000000
00000000
00000000
00000000
00000000
00000000
00000000
1a3a1081
00000000
00000000
00000000
00000000
00000000
00000000
00000000
1a7a5081
00000000
00000000
00000000
00000000
00000000
00000000
00000000
1aba9081
00000000
00000000
00000000
00000000
00000000
00000000
00000000
1afad081
10300009
00000000
00000000
00000000
00000000
00000000
00000000
1d3d1081
00000000
00000000
00000000
00000000
00000000
00000000
00000000
1d7d5081
00000000
00000000
00000000
00000000
00000000
00000000
00000000
1dbd9081
00000000
00000000
00000000
00000000
00000000
00000000
00000000
1dfdd081
00000000
00000000
00000000
00000000
00000000
00000000
00000000
1e3e1081
00000000
00000000
00000000
00000000
00000000
00000000
00000000
1e7e5081
00000000
00000000
00000000
00000000
00000000
00000000
00000000
1ebe9081
00000000
00000000
00000000
00000000
00000000
00000000
00000000
1efed081
1413e009
00000000
00000000
00000000
00000000
00000000
00000000
00000000
00000000
00000000
00000000
00000000
00000000
00000000
00000000
00000000
00000000
00000000
00000000
00000000
00000000
00000000
00000000
00000000
00000000
00000000
00000000
00000000
00000000
00000000
00000000
00000000
00000000
00000000
00000000
00000000
00000000
00000000
00000000
00000000
00000000
00000000
00000000
00000000
00000000
00000000
00000000
00000000
00000000
00000000
00000000
00000000
00000000
00000000
00000000
00000000
00000000
00000000
00000000
00000000
00000000
00000000
00000000
00000000
00000000
17f7c009
00000000
00000000
00000000
00000000
00000000
00000000
00000000
00000000
00000000
00000000
00000000
00000000
00000000
00000000
00000000
00000000
00000000
00000000
00000000
00000000
00000000
00000000
00000000
00000000
00000000
00000000
00000000
00000000
00000000
00000000
00000000
00000000
00000000
00000000
00000000
00000000
00000000
