06
01
06
08
08
08
08
08
08
08
08
09
08
13
08
13
08
09
08
08
13
09
13
08
09
13
08
08
08
13
13
08
08
08
14
13
08
08
14
08
13
08
19
08
08
08
14
13
13
08
19
08
13
08
14
13
13
13
0a
09
01
13
14
13
13
06
14
09
09
08
14
13
13
08
14
01
08
06
14
13
13
13
13
01
06
01
13
08
13
13
13
08
06
09
13
08
13
09
08
08
14
08
13
08
13
08
14
08
08
13
19
03
10
03
19
10
14
03
19
10
03
13
19
10
13
13
19
03
15
00
0f
01
19
09
14
13
13
06
14
09
03
00
14
13
15
00
14
02
06
01
14
13
09
08
10
13
00
03
13
15
04
00
10
02
09
09
13
08
08
00
10
13
14
03
13
10
13
03
14
10
03
13
19
10
03
10
14
03
1a
00
19
00
00
00
19
00
04
15
05
00
00
00
0f
06
0a
09
14
03
08
10
14
04
00
10
14
00
04
00
14
0b
09
01
14
13
08
06
03
13
00
13
13
00
15
00
03
0b
09
09
13
08
08
00
03
13
14
10
13
03
13
10
14
03
10
13
19
03
10
03
14
10
05
00
19
00
00
00
19
00
15
04
1a
00
00
00
0f
01
0a
09
14
10
08
03
14
15
00
03
14
00
15
00
14
02
09
06
14
13
08
01
10
13
00
13
13
00
04
00
10
02
09
09
13
08
08
00
10
13
14
03
13
10
13
03
14
10
03
13
19
10
03
10
14
03
1a
00
19
00
00
00
19
00
04
15
05
00
00
00
0f
06
0a
09
14
03
08
10
14
04
00
10
14
00
04
00
14
0b
09
01
14
13
08
06
03
13
00
13
13
00
15
00
03
0b
09
09
13
08
08
00
03
13
14
10
13
03
13
10
14
03
10
13
19
03
10
03
14
10
05
00
19
00
00
00
19
00
15
04
1a
00
00
00
0f
01
0a
09
14
10
08
03
14
15
00
03
14
00
15
00
14
02
09
06
14
13
08
01
10
13
00
13
13
00
04
00
10
02
09
09
13
08
08
00
10
13
14
03
13
10
13
03
14
10
03
13
19
10
03
10
14
03
1a
00
19
00
00
00
19
00
04
15
05
00
00
00
0f
06
0a
09
14
03
08
10
14
04
00
10
14
00
04
00
14
0b
04
00
14
15
00
00
03
15
00
04
13
00
00
00
10
02
00
15
13
00
00
00
03
10
14
03
13
10
03
10
14
03
10
13
19
03
10
03
1a
00
05
00
19
00
00
00
19
00
00
15
05
00
00
00
0f
00
1a
00
14
00
00
00
14
04
00
00
14
00
00
00
14
0b
00
00
14
04
00
00
10
04
00
00
13
00
00
00
10
02
00
15
13
00
00
00
03
10
14
03
13
10
03
10
14
03
10
13
19
03
10
03
1a
00
05
00
19
00
00
00
19
00
00
15
05
00
00
00
0f
00
1a
00
14
00
00
00
14
04
00
00
14
00
00
00
14
0b
00
00
14
04
00
00
10
04
00
00
13
00
00
00
10
02
00
15
13
00
00
00
03
10
14
03
13
10
03
10
14
03
10
13
19
03
10
03
1a
00
05
00
19
00
00
00
19
00
00
15
05
00
00
00
0f
00
1a
00
14
00
00
00
14
04
00
00
14
00
00
00
14
0b
00
00
14
04
00
00
10
04
00
00
13
00
00
00
10
02
00
15
13
00
00
00
03
10
14
03
13
10
03
10
14
03
10
04
19
00
00
00
1a
00
05
00
19
00
00
00
19
00
00
15
05
00
00
00
0f
00
1a
00
14
00
00
00
03
15
00
00
03
00
00
00
10
02
00
00
13
00
00
00
10
04
00
00
13
00
00
00
10
02
00
15
04
00
00
00
00
00
1a
00
04
00
00
00
00
00
00
15
00
00
00
00
00
00
05
00
00
00
00
00
15
00
00
00
00
00
00
00
02
00
00
00
00
00
00
00
15
00
00
00
00
00
00
00
02
1f
