000000003
000001007
00000200b
00000300f
000004033
000005037
00000603b
00000703f
000008063
000009067
00000a06b
00000b06f
00000c093
000000000
00000d097
000000000
00000e09b
00000f09f
0000100c3
0000110c7
000000000
0000120cb
000000000
0000130cf
0000140f3
000000000
0000150f7
0000160fb
0000170ff
000000000
000000000
000019127
000018123
00001a12b
000000000
000000000
00001b12f
00001d157
000000000
00001c153
000000000
00001f15f
000000000
00001e15b
000020183
000021187
000000000
000000000
000000000
00002218b
000000000
00002318f
000000000
0000241b3
000000000
000000000
000000000
000000000
0000251b7
0000261bb
0000271bf
000000000
000000000
000000000
000000000
0000281e3
000000000
00002a1eb
0000291e7
00002b1ef
000000000
000000000
000000000
00002c213
000000000
00002e21b
00002d217
00002f21f
000000000
000000000
000000000
000000000
000000000
000030243
000031247
00003224b
000000000
000034273
000000000
000000000
000000000
00003324f
000035277
00003627b
000000000
0000382a3
000000000
00003727f
0000392a7
00003a2ab
000000000
00003b2af
000000000
00003d2d7
000000000
00003e2db
000000000
00003c2d3
00003f2df
000000000
000000000
000000000
000000000
000000000
000000000
000000000
000000000
000000000
000000000
000000000
000000000
000000000
000000000
000000000
000000000
000000000
000000000
000000000
000000000
000000000
000000000
000040303
000000000
000041307
000000000
000000000
000000000
00004230b
000000000
00004330f
000000000
000000000
000000000
000000000
000000000
000000000
000000000
000000000
000044333
000045337
000000000
000000000
00004633b
00004733f
000000000
000000000
000000000
000000000
000000000
000000000
000000000
000000000
000000000
000000000
000048363
000049367
000000000
00004a36b
00004b36f
000000000
000000000
000000000
000000000
000000000
000000000
000000000
000000000
000000000
000000000
000000000
000000000
000000000
000000000
000000000
000000000
000000000
000000000
000000000
000000000
000000000
000000000
000000000
000000000
000000000
000000000
000000000
000000000
000000000
000000000
000000000
000000000
000000000
000000000
00004c393
00004d397
00004e39b
000000000
000000000
00004f39f
000000000
000000000
000000000
000000000
000000000
000000000
000000000
000000000
000000000
000000000
000000000
0000503c3
0000513c7
000000000
000000000
0000523cb
0000533cf
000000000
000000000
000000000
000000000
000000000
000000000
000000000
000000000
000000000
000000000
0000543f3
0000553f7
000000000
0000563fb
0000573ff
000000000
000000000
000000000
000000000
000000000
000000000
000000000
000000000
000000000
000000000
000000000
000000000
000000000
000000000
000000000
000000000
000000000
000000000
000000000
000000000
000000000
000000000
000000000
000000000
000000000
000000000
000000000
000000000
000000000
000000000
000000000
000000000
000000000
000000000
000058023
000059027
00005a02b
000000000
000000000
00005b02f
000000000
000000000
000000000
000000000
000000000
000000000
000000000
000000000
000000000
000000000
000000000
00005c053
00005d057
000000000
000000000
00005e05b
00005f05f
000000000
000000000
000000000
000000000
000000000
000000000
000000000
000000000
000000000
000000000
000060083
000061087
000000000
00006208b
00006308f
000000000
000000000
000000000
000000000
000000000
000000000
000000000
000000000
000000000
000000000
000000000
000000000
000000000
000000000
000000000
000000000
000000000
000000000
000000000
000000000
000000000
000000000
000000000
000000000
000000000
000000000
000000000
000000000
000000000
000000000
000000000
000000000
000000000
000000000
0000640b3
0000650b7
0000660bb
000000000
000000000
0000670bf
000000000
000000000
000000000
000000000
000000000
000000000
000000000
000000000
000000000
000000000
000000000
0000680e3
0000690e7
000000000
000000000
00006a0eb
00006b0ef
000000000
000000000
000000000
000000000
000000000
000000000
000000000
000000000
000000000
000000000
00006c113
00006d117
000000000
00006e11b
00006f11f
000000000
000000000
000000000
000000000
000000000
000000000
000000000
000000000
000000000
000000000
000000000
000000000
000000000
000000000
000000000
000000000
000000000
000000000
000000000
000000000
000000000
000000000
000000000
000000000
000000000
000000000
000000000
000000000
000000000
000000000
000000000
000000000
000000000
000000000
000070143
000071147
00007214b
000000000
000000000
00007314f
000000000
000000000
000000000
000000000
000000000
000000000
000000000
000000000
000000000
000000000
000000000
000074173
000075177
000000000
000000000
00007617b
00007717f
000000000
000000000
000000000
000000000
000000000
000000000
000000000
000000000
000000000
000000000
0000781a3
0000791a7
000000000
00007a1ab
00007b1af
000000000
000000000
000000000
000000000
000000000
000000000
000000000
000000000
000000000
000000000
000000000
000000000
000000000
000000000
000000000
000000000
000000000
000000000
000000000
000000000
000000000
000000000
000000000
000000000
000000000
000000000
000000000
000000000
000000000
000000000
000000000
000000000
000000000
000000000
00007c1d3
00007d1d7
00007e1db
000000000
000000000
00007f1df
000000000
000000000
000000000
000000000
000000000
000000000
000000000
000000000
000000000
000000000
000000000
000000000
000000000
000000000
000000000
000000000
000000000
000000000
000000000
000000000
000000000
000000000
000000000
000000000
000000000
000000000
000000000
000000000
000000000
000000000
000000000
000000000
000000000
000000000
000000000
000000000
000000000
000000000
000000000
000000000
000000000
000000000
000000000
000000000
000000000
000000000
000000000
000000000
000000000
000000000
000000000
000000000
000000000
000000000
000000000
000000000
000000000
000000000
000000000
000000000
000000000
000000000
000000000
000000000
000000000
000000000
000000000
000000000
000000000
000000000
000000000
000000000
000000000
000000000
000000000
000000000
000000000
000000000
000000000
000000000
000000000
000000000
000000000
000000000
000000000
000000000
000000000
000000000
000000000
000000000
000000000
000000000
000000000
000000000
000000000
000000000
000000000
000000000
000000000
000000000
000000000
000000000
000000000
000000000
000000000
000000000
000000000
000000000
000000000
000000000
000000000
000000000
000000000
000000000
000000000
000000000
000000000
000000000
000000000
000000000
000000000
000000000
000000000
000000000
000000000
000000000
000000000
000000000
000000000
000000000
000000000
000000000
000000000
000000000
000000000
000000000
000000000
000000000
000000000
000000000
000000000
000000000
000000000
000000000
000000000
000000000
000000000
000000000
000000000
000000000
000000000
000000000
000000000
000000000
000000000
000000000
000000000
000000000
000000000
000000000
000000000
000000000
000000000
000000000
000000000
000000000
000000000
000000000
000000000
000000000
000000000
000000000
000000000
000000000
000000000
000000000
000000000
000000000
000000000
000000000
000000000
000000000
000000000
000000000
000000000
000000000
000000000
000000000
000000000
000000000
000000000
000000000
000000000
000000000
000000000
000000000
000000000
000000000
000000000
000000000
000000000
000000000
000000000
000000000
000000000
000000000
000000000
000000000
000000000
000000000
000000000
000000000
000000000
000000000
000000000
000000000
000000000
000000000
000000000
000000000
000000000
000000000
000000000
000000000
000000000
000000000
000000000
000000000
000000000
000000000
000000000
000000000
000000000
000000000
000000000
000000000
000000000
000000000
000000000
000000000
000000000
000000000
000000000
000000000
000000000
000000000
000000000
000000000
000000000
000000000
000000000
000000000
000000000
000000000
000000000
000000000
000000000
000000000
000000000
000000000
000000000
000000000
000000000
000000000
000000000
000000000
000000000
000000000
000000000
000000000
000000000
000000000
000000000
000000000
000000000
000000000
000000000
000000000
000000000
000000000
000000000
000000000
000000000
000000000
000000000
000000000
000000000
000000000
000000000
000000000
000000000
000000000
000000000
000000000
000000000
000000000
000000000
000000000
000000000
000000000
000000000
000000000
000000000
000000000
000000000
000000000
000000000
000000000
000000000
000000000
000000000
000000000
000000000
000000000
000000000
000000000
000000000
000000000
000000000
000000000
000000000
000000000
000000000
000000000
000000000
000000000
000000000
000000000
000000000
000000000
000000000
000000000
000000000
000000000
000000000
000000000
000000000
000000000
000000000
000000000
000000000
000000000
000000000
000000000
000000000
000000000
000000000
000000000
000000000
000000000
000000000
000000000
000000000
000000000
000000000
000000000
000000000
000000000
000000000
000000000
000000000
000000000
000000000
000000000
000000000
000000000
000000000
000000000
000000000
000000000
000000000
