06
01
06
08
08
08
08
08
08
08
08
08
08
08
08
08
08
08
08
08
08
08
08
08
08
08
08
08
08
08
08
08
08
08
08
08
08
08
08
08
08
08
08
08
08
08
08
08
08
08
08
08
08
08
08
08
08
08
08
08
08
08
08
08
13
13
13
04
15
04
15
04
13
13
13
13
13
13
13
13
13
13
13
13
13
13
13
13
13
13
13
13
13
13
13
13
14
10
03
10
03
10
14
03
10
00
00
00
14
00
00
00
03
00
1a
00
03
00
00
00
14
00
00
00
10
00
14
00
03
00
00
00
14
10
00
00
03
00
14
00
10
00
00
00
14
03
00
00
10
00
14
04
10
00
00
00
14
13
05
00
10
00
14
00
03
1a
00
00
14
03
00
00
10
00
14
04
10
00
00
00
14
13
05
00
10
00
14
00
14
00
00
00
14
13
00
00
03
00
14
00
14
00
00
00
14
10
00
00
03
00
14
00
10
00
00
00
14
13
00
00
03
00
14
15
14
00
00
00
14
13
05
00
10
00
14
00
14
00
00
00
14
13
02
00
00
10
14
02
1a
03
00
0b
0a
08
03
0d
08
06
14
0d
03
10
00
00
19
13
0d
09
01
00
14
0d
14
13
00
00
14
13
0e
06
08
05
14
10
14
03
00
00
14
13
15
00
03
00
14
00
14
00
00
00
14
13
00
00
10
00
14
02
14
00
00
00
14
10
00
00
00
03
14
0e
00
10
00
02
0a
08
14
0d
08
06
14
0d
03
10
00
04
14
13
0b
09
01
10
14
0d
14
03
00
0b
0a
08
13
0d
13
03
14
00
15
03
00
15
14
14
04
1a
00
03
14
00
00
10
05
00
14
10
04
00
00
10
14
00
00
14
00
00
14
03
00
0b
01
08
14
13
0d
10
00
02
0a
08
19
13
0d
10
14
02
06
14
01
13
14
10
03
0e
00
00
14
10
0e
01
08
1a
14
03
10
13
00
00
14
03
15
00
14
00
14
00
03
15
00
00
14
03
00
00
14
00
14
0e
10
00
00
00
14
03
1a
00
00
03
14
0e
00
10
00
02
0a
08
14
0d
08
06
14
0d
03
10
00
00
19
13
03
0e
06
01
14
0d
14
10
00
00
14
13
02
15
00
03
14
15
05
10
00
00
14
03
1a
00
00
03
14
15
00
03
00
00
14
10
05
00
00
10
14
0e
01
08
00
0d
08
0a
14
0d
10
03
13
19
0b
08
01
15
03
14
14
0d
00
00
10
14
0e
09
08
00
03
14
10
14
00
00
00
14
13
04
00
10
00
14
00
14
00
00
00
14
13
00
00
03
00
14
0b
14
00
00
00
14
13
00
00
00
03
14
0b
05
10
00
02
0a
08
10
0d
08
01
14
0d
10
03
00
00
19
13
0d
09
06
00
14
0d
14
03
00
00
14
13
0b
09
08
00
14
03
14
13
00
00
14
13
15
00
14
00
14
00
14
00
00
00
14
13
00
00
03
00
14
0b
14
00
00
00
14
03
00
00
00
10
14
0e
00
03
00
0b
0a
08
14
0d
08
01
14
0d
10
03
00
15
14
13
02
09
06
03
14
0d
14
10
00
02
14
10
04
0e
06
08
14
03
15
03
14
00
14
15
03
1a
04
00
14
10
05
00
10
00
14
04
10
00
00
00
14
03
0f
06
08
00
14
03
10
03
00
00
14
13
0b
04
00
10
14
02
09
0a
10
0d
14
03
10
0f
01
06
14
13
13
03
00
00
14
10
00
05
15
03
14
0e
00
10
00
02
0a
08
14
10
03
10
14
04
00
10
00
04
14
10
05
00
00
10
14
0e
00
03
00
0b
0a
08
14
0d
03
10
14
04
00
10
00
04
14
10
05
0b
00
03
14
0e
00
10
00
02
14
10
05
0b
00
03
14
15
00
03
00
00
14
10
05
0b
00
03
14
0e
00
10
00
02
14
10
05
0b
00
03
14
0e
00
10
00
02
14
10
05
0b
00
03
14
0e
00
10
00
02
14
10
05
0b
00
03
13
0b
00
03
00
0b
03
14
00
0b
00
00
13
02
00
00
00
0d
10
14
03
10
03
10
13
03
0d
0d
0d
0d
0d
14
0d
0d
0d
0d
13
0d
0d
0d
0d
0d
0d
14
0d
0d
0d
0d
0d
0d
0d
0d
0d
0d
0d
0d
0d
0d
0d
0d
0d
0b
0d
0d
02
0b
02
0b
02
0b
02
0b
02
1f
