000000000
000000000
000000000
000000000
000000000
000000000
000000000
000000000
000000000
000000000
000000000
000000000
000000000
000000000
000000000
000000000
000000000
000000000
000000000
000000000
000000000
000000000
000000000
000000000
000000000
000000000
000000000
000000000
000000000
000000000
000000000
000000000
000000000
000000000
000000000
000000000
000000000
000000000
000000000
000000000
000000000
000000000
000000000
000000000
000000000
000000000
000000000
000000000
000000000
000000000
000000000
000000000
000000000
000000000
000000000
000000000
000000000
000000000
000000000
000000000
000000000
000000000
000000000
000000000
000000000
000000000
000000000
000000000
000000000
000000000
000000000
000000000
000000000
000000000
000000000
000000000
000000000
000000000
000000000
000000000
000000000
000000000
000000000
000000000
000000000
000000000
000000000
000000000
000000000
000000000
000000000
000000000
000000000
000000000
000000000
000000000
000000000
000000000
000000000
000000000
000000000
000000000
000000000
000000000
000000000
000000000
000000000
000000000
000000000
000000000
000000000
000000000
000000000
000000000
000000000
000000000
000000000
000000000
000000000
000000000
000000000
000000000
000000000
000000000
000000000
000000000
000000000
000000000
000000000
000000000
000000000
000000000
000000000
000000000
000000000
000000000
000000000
000000000
000000000
000000000
000000000
000000000
000000000
000000000
000000000
000000000
000000000
000000000
000000000
000000000
000000000
000000000
000000000
000000000
000000000
000000000
000000000
000000000
000000000
000000000
000000000
000000000
000000000
000000000
000000000
000000000
000000000
000000000
000000000
000000000
000000000
000000000
000000000
000000000
000000000
000000000
000000000
000000000
000000000
000000000
000000000
000000000
000000000
000000000
000000000
000000000
000000000
000000000
000000000
000000000
000000000
000000000
000000000
000000000
000000000
000000000
000000000
000000000
000000000
000000000
000000000
000000000
000000000
000000000
000000000
000000000
000000000
000000000
000000000
000000000
000000000
000000000
000000000
000000000
000000000
000000000
000000000
000000000
000000000
000000000
000000000
000000000
000000000
000000000
000000000
000000000
000000000
000000000
000000000
000000000
000000000
000000000
000000000
000000000
000000000
000000000
000000000
000000000
000000000
000000000
000000000
000000000
00000001b
000000000
000000000
000000000
000000000
00000405b
000000000
000000000
000000000
00000101f
000000000
000000000
000000000
00000505f
000000000
000000000
000000000
00000203b
000000000
000000000
000000000
000000000
000000000
000000000
00000303f
000000000
000000000
000000000
000000000
00000607b
000000000
000000000
000000000
000000000
000000000
000000000
00000707f
000000000
000000000
000000000
000000000
000000000
000000000
000000000
000000000
000000000
000000000
000000000
000000000
000000000
000000000
000000000
000000000
000000000
000000000
000000000
000000000
000000000
000000000
000000000
000000000
000000000
000000000
000000000
000000000
00000809b
000000000
000000000
000000000
000000000
000000000
000000000
000000000
000000000
000000000
000000000
000000000
00000a0bb
000000000
000000000
000000000
00000909f
000000000
000000000
000000000
00000b0bf
000000000
000000000
000000000
00000c0db
000000000
000000000
000000000
000000000
000000000
000000000
00000d0df
000000000
000000000
000000000
000000000
00000e0fb
000000000
000000000
000000000
00000f0ff
000000000
000000000
000000000
00001011b
000000000
000000000
000000000
000000000
000000000
000000000
000000000
000000000
000000000
000000000
000000000
000000000
000000000
000000000
000000000
000000000
000000000
000000000
000000000
000000000
000000000
000000000
000000000
000000000
000000000
000000000
000000000
000000000
000000000
000000000
000000000
000000000
000000000
000000000
000000000
00001111f
000000000
000000000
000000000
000000000
00001213b
000000000
000000000
00001313f
000000000
000000000
000000000
000000000
00001415b
000000000
000000000
00001515f
000000000
000000000
000000000
000000000
000000000
000000000
000000000
00001617b
000000000
000000000
000000000
000000000
00001717f
000000000
000000000
000000000
000000000
000000000
000000000
000000000
000000000
000000000
000000000
000000000
000000000
000000000
000000000
000000000
000000000
000000000
000000000
000000000
000000000
000000000
000000000
000000000
000000000
000000000
000000000
000000000
000000000
00001819b
000000000
000000000
000000000
000000000
000000000
000000000
000000000
000000000
000000000
000000000
000000000
00001a1bb
000000000
000000000
000000000
00001919f
000000000
000000000
000000000
00001b1bf
000000000
000000000
000000000
00001c1db
000000000
000000000
000000000
000000000
000000000
000000000
000000000
00001d1df
000000000
000000000
000000000
00001e1fb
000000000
000000000
000000000
000000000
000000000
000000000
00002021b
000000000
000000000
000000000
000000000
000000000
000000000
000000000
000000000
000000000
000000000
000000000
000000000
000000000
000000000
000000000
000000000
000000000
000000000
000000000
000000000
000000000
000000000
000000000
000000000
000000000
000000000
000000000
000000000
00001f1ff
000000000
000000000
000000000
00002121f
000000000
000000000
000000000
00002223b
000000000
000000000
000000000
000000000
00002323f
000000000
000000000
000000000
000000000
000000000
000000000
00002425b
000000000
000000000
000000000
000000000
00002525f
000000000
000000000
000000000
000000000
000000000
000000000
000000000
000000000
000000000
000000000
000000000
000000000
000000000
000000000
000000000
000000000
000000000
000000000
000000000
000000000
000000000
000000000
000000000
000000000
000000000
000000000
000000000
000000000
000000000
00002829b
000000000
000000000
000000000
000000000
000000000
000000000
000000000
000000000
000000000
000000000
000000000
00002627b
000000000
000000000
000000000
00002929f
000000000
000000000
000000000
00002727f
000000000
000000000
000000000
00002a2bb
000000000
000000000
000000000
000000000
000000000
000000000
00002b2bf
000000000
000000000
000000000
000000000
00002c2db
000000000
000000000
000000000
000000000
000000000
000000000
00002d2df
000000000
000000000
000000000
000000000
000000000
000000000
000000000
000000000
000000000
000000000
000000000
000000000
000000000
000000000
000000000
000000000
000000000
000000000
000000000
000000000
000000000
000000000
000000000
000000000
000000000
000000000
000000000
000000000
00002e2fb
000000000
000000000
000000000
000000000
000000000
000000000
000000000
000000000
000000000
000000000
000000000
00003031b
000000000
000000000
000000000
00002f2ff
000000000
000000000
000000000
00003131f
000000000
000000000
000000000
00003233b
000000000
000000000
000000000
000000000
000000000
000000000
00003333f
000000000
000000000
000000000
000000000
00003435b
000000000
000000000
000000000
00003637b
000000000
000000000
000000000
00003535f
000000000
000000000
000000000
000000000
000000000
000000000
000000000
000000000
000000000
000000000
000000000
000000000
000000000
000000000
000000000
000000000
000000000
000000000
000000000
000000000
000000000
000000000
000000000
000000000
000000000
000000000
000000000
000000000
00003737f
000000000
000000000
000000000
000000000
000000000
000000000
000000000
000000000
000000000
000000000
000000000
00003839b
000000000
000000000
000000000
000000000
00003939f
000000000
000000000
000000000
00003a3bb
000000000
000000000
000000000
00003b3bf
000000000
000000000
000000000
000000000
000000000
000000000
000000000
000000000
000000000
000000000
000000000
000000000
000000000
000000000
000000000
00003c3db
000000000
000000000
000000000
00003d3df
000000000
000000000
000000000
000000000
000000000
000000000
000000000
000000000
000000000
000000000
000000000
000000000
000000000
000000000
000000000
000000000
000000000
000000000
000000000
00003e3fb
000000000
000000000
000000000
00003f3ff
000000000
000000000
000000000
00004001b
000000000
000000000
000000000
000000000
000000000
000000000
000000000
000000000
000000000
000000000
000000000
00004101f
000000000
000000000
000000000
00004203b
000000000
000000000
000000000
00004303f
000000000
000000000
000000000
00004405b
000000000
000000000
000000000
000000000
000000000
000000000
000000000
000000000
000000000
000000000
000000000
00004505f
000000000
000000000
000000000
00004607b
000000000
000000000
000000000
00004707f
000000000
000000000
000000000
00004809b
000000000
000000000
000000000
00004909f
000000000
000000000
000000000
00004a0bb
000000000
000000000
000000000
00004b0bf
000000000
000000000
000000000
00004c0db
000000000
000000000
000000000
00004d0df
000000000
000000000
000000000
00004e0fb
000000000
000000000
000000000
00004f0ff
000000000
000000000
000000000
00005011b
000000000
000000000
000000000
00005111f
000000000
000000000
000000000
00005213b
000000000
000000000
000000000
00005415b
000000000
000000000
000000000
000000000
000000000
000000000
000000000
000000000
00005313f
00005617b
00005515f
00005819b
00005717f
000000000
00005919f
00005a1bb
00005b1bf
00005c1db
000000000
00005d1df
00005e1fb
00006021b
00005f1ff
00006223b
00006121f
000000000
00006323f
00006425b
00006627b
00006829b
00006525f
00006a2bb
00006727f
00006c2db
00006929f
00006e2fb
00006b2bf
00007031b
00006d2df
00007233b
00006f2ff
00007435b
00007131f
00007333f
00007637b
00007535f
00007737f
00007839b
00007939f
00007a3bb
00007b3bf
00007c3db
00007d3df
00007e3fb
00007f3ff
000000000
