000000000
000000000
000000000
000000000
000000000
000000000
000000000
000000000
000000000
000000000
000000000
000000000
000000000
000000000
000000000
000000000
000000000
000000000
000000000
000000000
000000000
000000000
000000000
000000000
000000000
000000000
000000000
000000000
000000000
000000000
000000000
000000000
000000000
000000000
000000000
000000000
000000000
000000000
000000000
000000000
000000000
000000000
000000000
000000000
000000000
000000000
000000000
000000000
000000000
000000000
000000000
000000000
000000000
000000000
000000000
000000000
000000000
000000000
000000000
000000000
000000000
000000000
000000000
000000000
000000000
000000000
000000000
000000000
000000000
000000000
000000000
000000000
000000000
000000000
000000000
000000000
000000000
000000000
000000000
000000000
000000000
000000000
000000000
000000000
000000000
000000000
000000000
000000000
000000000
000000000
000000000
000000000
000000000
000000000
000000000
000000000
000000000
000000000
000000000
000000000
000000000
000000000
000000000
000000000
000000000
000000000
000000000
000000000
000000000
000000000
000000000
000000000
000000000
000000000
000000000
000000000
000000000
000000000
000000000
000000000
000000000
000000000
000000000
000000000
000000000
000000000
000000000
000000000
000000000
000000000
000000000
000000000
000000000
000000000
000000000
000000000
000000000
000000000
000000000
000000000
000000000
000000000
000000000
000000000
000000000
000000000
000000000
000000000
000000000
000000000
000000000
000000000
000000000
000000000
000000000
000000000
000000000
000000000
000000000
000000000
000000000
000000000
000000000
000000000
000000000
000000000
000000000
000000000
000000000
000000000
000000000
000000000
000000000
000000000
000000000
000000000
000000000
000000000
000000000
000000000
000000000
000000000
000000000
000000000
000000000
000000000
000000063
000000000
000000000
000000000
000001067
000000000
000000000
000000000
00000206b
000000000
000000000
000000000
00000306f
000000000
000000000
000000000
000004073
000000000
000000000
000000000
000005077
000000000
000000000
000000000
00000607b
000000000
000000000
000000000
000000000
000000000
000000000
000000000
000000000
00000707f
000000000
000000000
000000000
000000000
000000000
000000000
000000000
000000000
000000000
000000000
000000000
000000000
000000000
000000000
000000000
0000080e3
000000000
000000000
000000000
0000090e7
000000000
000000000
000000000
00000a0eb
000000000
000000000
000000000
00000b0ef
000000000
000000000
000000000
00000c0f3
000000000
000000000
000000000
00000d0f7
000000000
000000000
000000000
00000e0fb
000000000
000000000
000000000
000000000
000000000
000000000
000000000
000000000
00000f0ff
000000000
000000000
000000000
000000000
000000000
000000000
000000000
000000000
000000000
000000000
000000000
000000000
000000000
000000000
000000000
000010163
000000000
000000000
000000000
000011167
000000000
000000000
000000000
00001216b
000000000
000000000
000000000
00001316f
000000000
000000000
000000000
000014173
000000000
000000000
000000000
000015177
000000000
000000000
000000000
00001617b
000000000
000000000
000000000
000000000
000000000
000000000
000000000
000000000
00001717f
000000000
000000000
000000000
000000000
000000000
000000000
000000000
000000000
000000000
000000000
000000000
000000000
000000000
000000000
000000000
0000181e3
000000000
000000000
000000000
0000191e7
000000000
000000000
000000000
00001a1eb
000000000
000000000
000000000
00001b1ef
000000000
000000000
000000000
00001c1f3
000000000
000000000
000000000
00001d1f7
000000000
000000000
000000000
00001e1fb
000000000
000000000
000000000
000000000
000000000
000000000
000000000
000000000
00001f1ff
000000000
000000000
000000000
000000000
000000000
000000000
000000000
000000000
000000000
000000000
000000000
000000000
000000000
000000000
000000000
000000000
000020263
000000000
000000000
000000000
000000000
000021267
000000000
000000000
000000000
00002226b
000000000
000000000
000000000
00002326f
000000000
000000000
000000000
000024273
000000000
000000000
000000000
000025277
000000000
000000000
000000000
000000000
000000000
000000000
000000000
00002627b
000000000
00002727f
000000000
000000000
000000000
000000000
000000000
000000000
000000000
000000000
0000282e3
0000292e7
00002a2eb
00002b2ef
00002c2f3
00002d2f7
00002e2fb
000000000
000000000
000000000
00002f2ff
000000000
000000000
000000000
000000000
000000000
000000000
000000000
000000000
000000000
000000000
000000000
000000000
000000000
000000000
000000000
000000000
000000000
000000000
000000000
000000000
000000000
000000000
000000000
000000000
000000000
000000000
000000000
000000000
000000000
000000000
000000000
000000000
000000000
000000000
000000000
000000000
000000000
000000000
000000000
000000000
000000000
000000000
000000000
000000000
000030363
000000000
000000000
000000000
000000000
00003236b
000000000
000000000
000031367
000000000
000000000
000000000
00003336f
000000000
000000000
000000000
000000000
000034373
000000000
000000000
000035377
000000000
000000000
000000000
00003637b
000000000
000000000
000000000
000000000
00003737f
000000000
000000000
000000000
000000000
000000000
000000000
000000000
000000000
000000000
000000000
000000000
000000000
000000000
000000000
000000000
000000000
000000000
000000000
000000000
000000000
000000000
000000000
000000000
000000000
000000000
000000000
000000000
000000000
000000000
000000000
000000000
000000000
000000000
000000000
000000000
000000000
000000000
000000000
000000000
000000000
000000000
000000000
000000000
000000000
000000000
000000000
000000000
0000383e3
000000000
000000000
000000000
0000393e7
000000000
000000000
000000000
00003a3eb
000000000
000000000
000000000
00003b3ef
000000000
000000000
000000000
00003c3f3
000000000
000000000
000000000
00003d3f7
000000000
000000000
000000000
00003e3fb
000000000
000000000
000000000
00003f3ff
000000000
000000000
000000000
000000000
000000000
000000000
000000000
000000000
000000000
000000000
000000000
000000000
000000000
000000000
000000000
000000000
000000000
000000000
000000000
000000000
000000000
000040063
000000000
000000000
000000000
000041067
000000000
000000000
000000000
00004206b
000000000
000000000
000000000
000000000
00004306f
000000000
000000000
000000000
000044073
000000000
000000000
000000000
000045077
000000000
000000000
000000000
000000000
000000000
000000000
000000000
000000000
000000000
00004607b
000000000
00004707f
000000000
000000000
000000000
000000000
000000000
000000000
000000000
000000000
0000480e3
0000490e7
00004a0eb
00004b0ef
00004c0f3
00004d0f7
00004e0fb
000000000
000000000
000000000
00004f0ff
000000000
000000000
000000000
000000000
000000000
000000000
000000000
000000000
000000000
000000000
000000000
000000000
000000000
000000000
000000000
000000000
000000000
000000000
000000000
000000000
000000000
000000000
000000000
000000000
000000000
000000000
000000000
000000000
000000000
000000000
000000000
000000000
000000000
000000000
000000000
000000000
000000000
000000000
000000000
000000000
000000000
000000000
000000000
000000000
000000000
000000000
000000000
000000000
000000000
000000000
000000000
000000000
000000000
000000000
000000000
000000000
000000000
000000000
000000000
000000000
000000000
000000000
000000000
000000000
000000000
000000000
000000000
000000000
000000000
000000000
000000000
000000000
000000000
000000000
000000000
000000000
000000000
000000000
000000000
000000000
000050163
000000000
000000000
000000000
000051167
000000000
000000000
000000000
00005216b
000000000
000000000
000000000
00005316f
000000000
000000000
000000000
000000000
000054173
000000000
000000000
000000000
000055177
000000000
000000000
000000000
00005617b
000000000
000000000
000000000
000000000
00005717f
000000000
000000000
000000000
000000000
000000000
000000000
000000000
000000000
000000000
000000000
000000000
000000000
000000000
000000000
0000581e3
000000000
000000000
000000000
0000591e7
000000000
000000000
000000000
000000000
000000000
00005a1eb
000000000
000000000
00005b1ef
000000000
000000000
000000000
00005c1f3
000000000
000000000
000000000
000000000
00005e1fb
000000000
000000000
00005d1f7
000000000
000000000
000000000
00005f1ff
000000000
000000000
000000000
000000000
000000000
000000000
000000000
000000000
000000000
000000000
000000000
000000000
000000000
000000000
000000000
000000000
000060263
000000000
000000000
000000000
000061267
000000000
000000000
000000000
00006226b
000000000
000000000
000000000
00006326f
000000000
000000000
000000000
000064273
000000000
000000000
000000000
000065277
000000000
000000000
000000000
000000000
000000000
000000000
000000000
000000000
000000000
00006627b
00006727f
000000000
000000000
000000000
000000000
000000000
000000000
000000000
000000000
000000000
000000000
000000000
000000000
0000682e3
000000000
0000692e7
00006a2eb
00006b2ef
000000000
000000000
00006c2f3
000000000
000000000
000000000
00006d2f7
000000000
000000000
000000000
00006e2fb
000000000
000000000
000000000
000000000
00006f2ff
000000000
000000000
000000000
000000000
000000000
000000000
000000000
000000000
000000000
000000000
000000000
000000000
000000000
000000000
000000000
000000000
000000000
000000000
000000000
000000000
000000000
000000000
000000000
000000000
000000000
000000000
000000000
000000000
000000000
000000000
000000000
000070363
000000000
000000000
000000000
000000000
00007236b
000000000
000000000
000071367
000000000
000000000
000000000
00007336f
000000000
000000000
000000000
000000000
000074373
000000000
000000000
000075377
000000000
000000000
000000000
00007637b
000000000
000000000
000000000
000000000
00007737f
000000000
000000000
000000000
000000000
000000000
000000000
000000000
000000000
000000000
000000000
000000000
000000000
000000000
000000000
000000000
000000000
000000000
000000000
000000000
000000000
000000000
000000000
000000000
000000000
000000000
000000000
000000000
000000000
000000000
000000000
000000000
000000000
000000000
000000000
000000000
000000000
000000000
000000000
000000000
000000000
000000000
000000000
000000000
000000000
000000000
000000000
000000000
0000783e3
000000000
000000000
000000000
0000793e7
000000000
000000000
000000000
00007a3eb
000000000
000000000
000000000
00007b3ef
000000000
000000000
000000000
00007c3f3
000000000
000000000
000000000
00007d3f7
000000000
000000000
000000000
00007e3fb
000000000
000000000
000000000
00007f3ff
000000000
000000000
000000000
000000000
000000000
000000000
000000000
000000000
000000000
000000000
000000000
000000000
000000000
000000000
000000000
000000000
000000000
000000000
000000000
000000000
000000000
000080063
000000000
000000000
000000000
000081067
000000000
000000000
000000000
00008206b
000000000
000000000
000000000
000000000
00008306f
000000000
000000000
000000000
000084073
000000000
000000000
000000000
000085077
000000000
000000000
000000000
000000000
000000000
000000000
000000000
000000000
000000000
00008607b
000000000
00008707f
000000000
000000000
000000000
000000000
000000000
000000000
000000000
000000000
0000880e3
0000890e7
00008a0eb
00008b0ef
00008c0f3
00008d0f7
00008e0fb
000000000
000000000
000000000
00008f0ff
000000000
000000000
000000000
000000000
000000000
000000000
000000000
000000000
000000000
000000000
000000000
000000000
000000000
000000000
000000000
000000000
000000000
000000000
000000000
000000000
000000000
000000000
000000000
000000000
000000000
000000000
000000000
000000000
000000000
000000000
000000000
000000000
000000000
000000000
000000000
000000000
000000000
000000000
000000000
000000000
000000000
000000000
000000000
000000000
000000000
000000000
000000000
000000000
000000000
000000000
000000000
000000000
000000000
000000000
000000000
000000000
000000000
000000000
000000000
000000000
000000000
000000000
000000000
000000000
000000000
000000000
000000000
000000000
000000000
000000000
000000000
000000000
000000000
000000000
000000000
000000000
000000000
000000000
000000000
000000000
000090163
000000000
000000000
000000000
000091167
000000000
000000000
000000000
00009216b
000000000
000000000
000000000
00009316f
000000000
000000000
000000000
000000000
000094173
000000000
000000000
000000000
000095177
000000000
000000000
000000000
00009617b
000000000
000000000
000000000
000000000
00009717f
000000000
000000000
000000000
000000000
000000000
000000000
000000000
000000000
000000000
000000000
000000000
000000000
000000000
000000000
0000981e3
000000000
000000000
000000000
0000991e7
000000000
000000000
000000000
000000000
000000000
00009a1eb
000000000
000000000
00009b1ef
000000000
000000000
000000000
00009c1f3
000000000
000000000
000000000
000000000
00009e1fb
000000000
000000000
00009d1f7
000000000
000000000
000000000
00009f1ff
000000000
000000000
000000000
000000000
000000000
000000000
000000000
000000000
000000000
000000000
000000000
000000000
000000000
000000000
000000000
000000000
0000a0263
000000000
000000000
000000000
0000a1267
000000000
000000000
000000000
0000a226b
000000000
000000000
000000000
0000a326f
000000000
000000000
000000000
0000a4273
000000000
000000000
000000000
0000a5277
000000000
000000000
000000000
000000000
000000000
000000000
000000000
000000000
000000000
0000a627b
0000a727f
000000000
000000000
000000000
000000000
000000000
000000000
000000000
000000000
000000000
000000000
000000000
000000000
0000a82e3
000000000
0000a92e7
0000aa2eb
0000ab2ef
000000000
000000000
0000ac2f3
000000000
000000000
000000000
0000ad2f7
000000000
000000000
000000000
0000ae2fb
000000000
000000000
000000000
000000000
0000af2ff
000000000
000000000
000000000
000000000
000000000
000000000
000000000
000000000
000000000
000000000
000000000
000000000
000000000
000000000
000000000
000000000
000000000
000000000
000000000
000000000
000000000
000000000
000000000
000000000
000000000
000000000
000000000
000000000
000000000
000000000
000000000
0000b0363
000000000
000000000
000000000
000000000
0000b236b
000000000
000000000
0000b1367
000000000
000000000
000000000
0000b336f
000000000
000000000
000000000
000000000
0000b4373
000000000
000000000
0000b5377
000000000
000000000
000000000
0000b637b
000000000
000000000
000000000
000000000
0000b737f
000000000
000000000
000000000
000000000
000000000
000000000
000000000
000000000
000000000
000000000
000000000
000000000
000000000
000000000
000000000
000000000
000000000
000000000
000000000
000000000
000000000
000000000
000000000
000000000
000000000
000000000
000000000
000000000
000000000
000000000
000000000
000000000
000000000
000000000
000000000
000000000
000000000
000000000
000000000
000000000
000000000
000000000
000000000
000000000
000000000
000000000
000000000
0000b83e3
000000000
000000000
000000000
0000b93e7
000000000
000000000
000000000
0000ba3eb
000000000
000000000
000000000
0000bb3ef
000000000
000000000
000000000
0000bc3f3
000000000
000000000
000000000
0000bd3f7
000000000
000000000
000000000
0000be3fb
000000000
000000000
000000000
0000bf3ff
000000000
000000000
000000000
000000000
000000000
000000000
000000000
000000000
000000000
000000000
000000000
000000000
000000000
000000000
000000000
000000000
000000000
000000000
000000000
000000000
000000000
0000c0063
000000000
000000000
000000000
0000c1067
000000000
000000000
000000000
0000c206b
000000000
000000000
000000000
000000000
0000c306f
000000000
000000000
000000000
0000c4073
000000000
000000000
000000000
0000c5077
000000000
000000000
000000000
000000000
000000000
000000000
000000000
000000000
000000000
0000c607b
000000000
0000c707f
000000000
000000000
000000000
000000000
000000000
000000000
000000000
000000000
0000c80e3
0000c90e7
0000ca0eb
0000cb0ef
0000cc0f3
0000cd0f7
0000ce0fb
000000000
000000000
000000000
0000cf0ff
000000000
000000000
000000000
000000000
000000000
000000000
000000000
000000000
000000000
000000000
000000000
000000000
000000000
000000000
000000000
000000000
000000000
000000000
000000000
000000000
000000000
000000000
000000000
000000000
000000000
000000000
000000000
000000000
000000000
000000000
000000000
000000000
000000000
000000000
000000000
000000000
000000000
000000000
000000000
000000000
000000000
000000000
000000000
000000000
000000000
000000000
000000000
000000000
000000000
000000000
000000000
000000000
000000000
000000000
000000000
000000000
000000000
000000000
000000000
000000000
000000000
000000000
000000000
000000000
000000000
000000000
000000000
000000000
000000000
000000000
000000000
000000000
000000000
000000000
000000000
000000000
000000000
000000000
000000000
000000000
0000d0163
000000000
000000000
000000000
0000d1167
000000000
000000000
000000000
0000d216b
000000000
000000000
000000000
0000d316f
000000000
000000000
000000000
000000000
0000d4173
000000000
000000000
000000000
0000d5177
000000000
000000000
000000000
0000d617b
000000000
000000000
000000000
000000000
0000d717f
000000000
000000000
000000000
000000000
000000000
000000000
000000000
000000000
000000000
000000000
000000000
000000000
000000000
000000000
0000d81e3
000000000
000000000
000000000
0000d91e7
000000000
000000000
000000000
000000000
000000000
0000da1eb
000000000
000000000
0000db1ef
000000000
000000000
000000000
0000dc1f3
000000000
000000000
000000000
000000000
0000de1fb
000000000
000000000
0000dd1f7
000000000
000000000
000000000
0000df1ff
000000000
000000000
000000000
000000000
000000000
000000000
000000000
000000000
000000000
000000000
000000000
000000000
000000000
000000000
000000000
000000000
0000e0263
000000000
000000000
000000000
0000e1267
000000000
000000000
000000000
0000e226b
000000000
000000000
000000000
0000e326f
000000000
000000000
000000000
0000e4273
000000000
000000000
000000000
0000e5277
000000000
000000000
000000000
000000000
000000000
000000000
000000000
000000000
000000000
0000e627b
0000e727f
000000000
000000000
000000000
000000000
000000000
000000000
000000000
000000000
000000000
000000000
000000000
000000000
0000e82e3
000000000
0000e92e7
0000ea2eb
0000eb2ef
000000000
000000000
0000ec2f3
000000000
000000000
000000000
0000ed2f7
000000000
000000000
000000000
0000ee2fb
000000000
000000000
000000000
000000000
0000ef2ff
000000000
000000000
000000000
000000000
000000000
000000000
000000000
000000000
000000000
000000000
000000000
000000000
000000000
000000000
000000000
000000000
000000000
000000000
000000000
000000000
000000000
000000000
000000000
000000000
000000000
000000000
000000000
000000000
000000000
000000000
000000000
0000f0363
000000000
000000000
000000000
000000000
0000f236b
000000000
000000000
0000f1367
000000000
000000000
000000000
0000f336f
000000000
000000000
000000000
000000000
0000f4373
000000000
000000000
0000f5377
000000000
000000000
000000000
0000f637b
000000000
000000000
000000000
000000000
0000f737f
000000000
000000000
000000000
000000000
000000000
000000000
000000000
000000000
000000000
000000000
000000000
000000000
000000000
000000000
000000000
000000000
000000000
000000000
000000000
000000000
000000000
000000000
000000000
000000000
000000000
000000000
000000000
000000000
000000000
000000000
000000000
000000000
000000000
000000000
000000000
000000000
000000000
000000000
000000000
000000000
000000000
000000000
000000000
000000000
000000000
000000000
000000000
0000f83e3
000000000
000000000
000000000
0000f93e7
000000000
000000000
000000000
0000fa3eb
000000000
000000000
000000000
0000fb3ef
000000000
000000000
000000000
0000fc3f3
000000000
000000000
000000000
0000fd3f7
000000000
000000000
000000000
0000fe3fb
000000000
000000000
000000000
0000ff3ff
000000000
000000000
000000000
000000000
000000000
000000000
000000000
000000000
000000000
000000000
000000000
000000000
000000000
000000000
000000000
000000000
000000000
000000000
000000000
000000000
000000000
000100063
000000000
000000000
000000000
000101067
000000000
000000000
000000000
00010206b
000000000
000000000
000000000
000000000
00010306f
000000000
000000000
000000000
000104073
000000000
000000000
000000000
000105077
000000000
000000000
000000000
000000000
000000000
000000000
000000000
000000000
000000000
00010607b
000000000
00010707f
000000000
000000000
000000000
000000000
000000000
000000000
000000000
000000000
0001080e3
0001090e7
00010a0eb
00010b0ef
00010c0f3
00010d0f7
00010e0fb
000000000
000000000
000000000
00010f0ff
000000000
000000000
000000000
000000000
000000000
000000000
000000000
000000000
000000000
000000000
000000000
000000000
000000000
000000000
000000000
000000000
000000000
000000000
000000000
000000000
000000000
000000000
000000000
000000000
000000000
000000000
000000000
000000000
000000000
000000000
000000000
000000000
000000000
000000000
000000000
000000000
000000000
000000000
000000000
000000000
000000000
000000000
000000000
000000000
000000000
000000000
000000000
000000000
000000000
000000000
000000000
000000000
000000000
000000000
000000000
000000000
000000000
000000000
000000000
000000000
000000000
000000000
000000000
000000000
000000000
000000000
000000000
000000000
000000000
000000000
000000000
000000000
000000000
000000000
000000000
000000000
000000000
000000000
000000000
000000000
000110163
000000000
000000000
000000000
000111167
000000000
000000000
000000000
00011216b
000000000
000000000
000000000
00011316f
000000000
000000000
000000000
000000000
000114173
000000000
000000000
000000000
000115177
000000000
000000000
000000000
00011617b
000000000
000000000
000000000
000000000
00011717f
000000000
000000000
000000000
000000000
000000000
000000000
000000000
000000000
000000000
000000000
000000000
000000000
000000000
000000000
0001181e3
000000000
000000000
000000000
0001191e7
000000000
000000000
000000000
000000000
000000000
00011a1eb
000000000
000000000
00011b1ef
000000000
000000000
000000000
00011c1f3
000000000
000000000
000000000
000000000
00011e1fb
000000000
000000000
00011d1f7
000000000
000000000
000000000
00011f1ff
000000000
000000000
000000000
000000000
000000000
000000000
000000000
000000000
000000000
000000000
000000000
000000000
000000000
000000000
000000000
000000000
000120263
000000000
000000000
000000000
000121267
000000000
000000000
000000000
00012226b
000000000
000000000
000000000
00012326f
000000000
000000000
000000000
000124273
000000000
000000000
000000000
000125277
000000000
000000000
000000000
000000000
000000000
000000000
000000000
000000000
000000000
00012627b
00012727f
000000000
000000000
000000000
000000000
000000000
000000000
000000000
000000000
000000000
000000000
000000000
000000000
0001282e3
000000000
0001292e7
00012a2eb
00012b2ef
000000000
000000000
00012c2f3
000000000
000000000
000000000
00012d2f7
000000000
000000000
000000000
00012e2fb
000000000
000000000
000000000
000000000
00012f2ff
000000000
000000000
000000000
000000000
000000000
000000000
000000000
000000000
000000000
000000000
000000000
000000000
000000000
000000000
000000000
000000000
000000000
000000000
000000000
000000000
000000000
000000000
000000000
000000000
000000000
000000000
000000000
000000000
000000000
000000000
000000000
000130363
000000000
000000000
000000000
000000000
00013236b
000000000
000000000
000131367
000000000
000000000
000000000
00013336f
000000000
000000000
000000000
000000000
000134373
000000000
000000000
000135377
000000000
000000000
000000000
00013637b
000000000
000000000
000000000
000000000
00013737f
000000000
000000000
000000000
000000000
000000000
000000000
000000000
000000000
000000000
000000000
000000000
000000000
000000000
000000000
000000000
000000000
000000000
000000000
000000000
000000000
000000000
000000000
000000000
000000000
000000000
000000000
000000000
000000000
000000000
000000000
000000000
000000000
000000000
000000000
000000000
000000000
000000000
000000000
000000000
000000000
000000000
000000000
000000000
000000000
000000000
000000000
000000000
0001383e3
000000000
000000000
000000000
0001393e7
000000000
000000000
000000000
00013a3eb
000000000
000000000
000000000
00013b3ef
000000000
000000000
000000000
00013c3f3
000000000
000000000
000000000
00013d3f7
000000000
000000000
000000000
00013e3fb
000000000
000000000
000000000
00013f3ff
000000000
000000000
000000000
000000000
000000000
000000000
000000000
000000000
000000000
000000000
000000000
000000000
000000000
000000000
000000000
000000000
000000000
000000000
000000000
000000000
000000000
000140063
000000000
000000000
000000000
000141067
000000000
000000000
000000000
00014206b
000000000
000000000
000000000
000000000
00014306f
000000000
000000000
000000000
000144073
000000000
000000000
000000000
000145077
000000000
000000000
000000000
000000000
000000000
000000000
000000000
000000000
000000000
00014607b
000000000
00014707f
000000000
000000000
000000000
000000000
000000000
000000000
000000000
000000000
0001480e3
0001490e7
00014a0eb
00014b0ef
00014c0f3
00014d0f7
00014e0fb
000000000
000000000
000000000
00014f0ff
000000000
000000000
000000000
000000000
000000000
000000000
000000000
000000000
000000000
000000000
000000000
000000000
000000000
000000000
000000000
000000000
000000000
000000000
000000000
000000000
000000000
000000000
000000000
000000000
000000000
000000000
000000000
000000000
000000000
000000000
000000000
000000000
000000000
000000000
000000000
000000000
000000000
000000000
000000000
000000000
000000000
000000000
000000000
000000000
000000000
000000000
000000000
000000000
000000000
000000000
000000000
000000000
000000000
000000000
000000000
000000000
000000000
000000000
000000000
000000000
000000000
000000000
000000000
000000000
000000000
000000000
000000000
000000000
000000000
000000000
000000000
000000000
000000000
000000000
000000000
000000000
000000000
000000000
000000000
000000000
000150163
000000000
000000000
000000000
000151167
000000000
000000000
000000000
00015216b
000000000
000000000
000000000
00015316f
000000000
000000000
000000000
000000000
000154173
000000000
000000000
000000000
000155177
000000000
000000000
000000000
00015617b
000000000
000000000
000000000
000000000
00015717f
000000000
000000000
000000000
000000000
000000000
000000000
000000000
000000000
000000000
000000000
000000000
000000000
000000000
000000000
0001581e3
000000000
000000000
000000000
0001591e7
000000000
000000000
000000000
000000000
000000000
00015a1eb
000000000
000000000
00015b1ef
000000000
000000000
000000000
00015c1f3
000000000
000000000
000000000
000000000
00015e1fb
000000000
000000000
00015d1f7
000000000
000000000
000000000
00015f1ff
000000000
000000000
000000000
000000000
000000000
000000000
000000000
000000000
000000000
000000000
000000000
000000000
000000000
000000000
000000000
000000000
000160263
000000000
000000000
000000000
000161267
000000000
000000000
000000000
00016226b
000000000
000000000
000000000
00016326f
000000000
000000000
000000000
000164273
000000000
000000000
000000000
000165277
000000000
000000000
000000000
000000000
000000000
000000000
000000000
000000000
000000000
00016627b
00016727f
000000000
000000000
000000000
000000000
000000000
000000000
000000000
000000000
000000000
000000000
000000000
000000000
0001682e3
000000000
0001692e7
00016a2eb
00016b2ef
000000000
000000000
00016c2f3
000000000
000000000
000000000
00016d2f7
000000000
000000000
000000000
00016e2fb
000000000
000000000
000000000
000000000
00016f2ff
000000000
000000000
000000000
000000000
000000000
000000000
000000000
000000000
000000000
000000000
000000000
000000000
000000000
000000000
000000000
000000000
000000000
000000000
000000000
000000000
000000000
000000000
000000000
000000000
000000000
000000000
000000000
000000000
000000000
000000000
000000000
000170363
000000000
000000000
000000000
000000000
00017236b
000000000
000000000
000171367
000000000
000000000
000000000
00017336f
000000000
000000000
000000000
000000000
000174373
000000000
000000000
000175377
000000000
000000000
000000000
00017637b
000000000
000000000
000000000
000000000
00017737f
000000000
000000000
000000000
000000000
000000000
000000000
000000000
000000000
000000000
000000000
000000000
000000000
000000000
000000000
000000000
000000000
000000000
000000000
000000000
000000000
000000000
000000000
000000000
000000000
000000000
000000000
000000000
000000000
000000000
000000000
000000000
000000000
000000000
000000000
000000000
000000000
000000000
000000000
000000000
000000000
000000000
000000000
000000000
000000000
000000000
000000000
000000000
0001783e3
000000000
000000000
000000000
0001793e7
000000000
000000000
000000000
00017a3eb
000000000
000000000
000000000
00017b3ef
000000000
000000000
000000000
00017c3f3
000000000
000000000
000000000
00017d3f7
000000000
000000000
000000000
00017e3fb
000000000
000000000
000000000
00017f3ff
000000000
000000000
000000000
000000000
000000000
000000000
000000000
000000000
000000000
000000000
000000000
000000000
000000000
000000000
000000000
000000000
000000000
000000000
000000000
000000000
000000000
000180063
000000000
000000000
000000000
000181067
000000000
000000000
000000000
00018206b
000000000
000000000
000000000
000000000
00018306f
000000000
000000000
000000000
000184073
000000000
000000000
000000000
000185077
000000000
000000000
000000000
000000000
000000000
000000000
000000000
000000000
000000000
00018607b
000000000
00018707f
000000000
000000000
000000000
000000000
000000000
000000000
000000000
000000000
0001880e3
0001890e7
00018a0eb
00018b0ef
00018c0f3
00018d0f7
00018e0fb
000000000
000000000
000000000
00018f0ff
000000000
000000000
000000000
000000000
000000000
000000000
000000000
000000000
000000000
000000000
000000000
000000000
000000000
000000000
000000000
000000000
000000000
000000000
000000000
000000000
000000000
000000000
000000000
000000000
000000000
000000000
000000000
000000000
000000000
000000000
000000000
000000000
000000000
000000000
000000000
000000000
000000000
000000000
000000000
000000000
000000000
000000000
000000000
000000000
000000000
000000000
000000000
000000000
000000000
000000000
000000000
000000000
000000000
000000000
000000000
000000000
000000000
000000000
000000000
000000000
000000000
000000000
000000000
000000000
000000000
000000000
000000000
000000000
000000000
000000000
000000000
000000000
000000000
000000000
000000000
000000000
000000000
000000000
000000000
000000000
000190163
000000000
000000000
000000000
000191167
000000000
000000000
000000000
00019216b
000000000
000000000
000000000
00019316f
000000000
000000000
000000000
000000000
000194173
000000000
000000000
000000000
000195177
000000000
000000000
000000000
00019617b
000000000
000000000
000000000
000000000
00019717f
000000000
000000000
000000000
000000000
000000000
000000000
000000000
000000000
000000000
000000000
000000000
000000000
000000000
000000000
0001981e3
000000000
000000000
000000000
0001991e7
000000000
000000000
000000000
000000000
000000000
00019a1eb
000000000
000000000
00019b1ef
000000000
000000000
000000000
00019c1f3
000000000
000000000
000000000
000000000
00019e1fb
000000000
000000000
00019d1f7
000000000
000000000
000000000
00019f1ff
000000000
000000000
000000000
000000000
000000000
000000000
000000000
000000000
000000000
000000000
000000000
000000000
000000000
000000000
000000000
000000000
0001a0263
000000000
000000000
000000000
0001a1267
000000000
000000000
000000000
0001a226b
000000000
000000000
000000000
0001a326f
000000000
000000000
000000000
0001a4273
000000000
000000000
000000000
0001a5277
000000000
000000000
000000000
000000000
000000000
000000000
000000000
000000000
000000000
0001a627b
0001a727f
000000000
000000000
000000000
000000000
000000000
000000000
000000000
000000000
000000000
000000000
000000000
000000000
0001a82e3
000000000
0001a92e7
0001aa2eb
0001ab2ef
000000000
000000000
0001ac2f3
000000000
000000000
000000000
0001ad2f7
000000000
000000000
000000000
0001ae2fb
000000000
000000000
000000000
000000000
0001af2ff
000000000
000000000
000000000
000000000
000000000
000000000
000000000
000000000
000000000
000000000
000000000
000000000
000000000
000000000
000000000
000000000
000000000
000000000
000000000
000000000
000000000
000000000
000000000
000000000
000000000
000000000
000000000
000000000
000000000
000000000
000000000
0001b0363
000000000
000000000
000000000
000000000
0001b236b
000000000
000000000
0001b1367
000000000
000000000
000000000
0001b336f
000000000
000000000
000000000
000000000
0001b4373
000000000
000000000
0001b5377
000000000
000000000
000000000
0001b637b
000000000
000000000
000000000
000000000
0001b737f
000000000
000000000
000000000
000000000
000000000
000000000
000000000
000000000
000000000
000000000
000000000
000000000
000000000
000000000
000000000
000000000
000000000
000000000
000000000
000000000
000000000
000000000
000000000
000000000
000000000
000000000
000000000
000000000
000000000
000000000
000000000
000000000
000000000
000000000
000000000
000000000
000000000
000000000
000000000
000000000
000000000
000000000
000000000
000000000
000000000
000000000
000000000
0001b83e3
000000000
000000000
000000000
0001b93e7
000000000
000000000
000000000
0001ba3eb
000000000
000000000
000000000
0001bb3ef
000000000
000000000
000000000
0001bc3f3
000000000
000000000
000000000
0001bd3f7
000000000
000000000
000000000
0001be3fb
000000000
000000000
000000000
0001bf3ff
000000000
000000000
000000000
000000000
000000000
000000000
000000000
000000000
000000000
000000000
000000000
000000000
000000000
000000000
000000000
000000000
000000000
000000000
000000000
000000000
000000000
0001c0063
000000000
000000000
000000000
0001c1067
000000000
000000000
000000000
0001c206b
000000000
000000000
000000000
000000000
0001c306f
000000000
000000000
000000000
0001c4073
000000000
000000000
000000000
0001c5077
000000000
000000000
000000000
000000000
000000000
000000000
000000000
000000000
000000000
0001c607b
000000000
0001c707f
000000000
000000000
000000000
000000000
000000000
000000000
000000000
000000000
0001c80e3
0001c90e7
0001ca0eb
0001cb0ef
0001cc0f3
0001cd0f7
0001ce0fb
000000000
000000000
000000000
0001cf0ff
000000000
000000000
000000000
000000000
000000000
000000000
000000000
000000000
000000000
000000000
000000000
000000000
000000000
000000000
000000000
000000000
000000000
000000000
000000000
000000000
000000000
000000000
000000000
000000000
000000000
000000000
000000000
000000000
000000000
000000000
000000000
000000000
000000000
000000000
000000000
000000000
000000000
000000000
000000000
000000000
000000000
000000000
000000000
000000000
000000000
000000000
000000000
000000000
000000000
000000000
000000000
000000000
000000000
000000000
000000000
000000000
000000000
000000000
000000000
000000000
000000000
000000000
000000000
000000000
000000000
000000000
000000000
000000000
000000000
000000000
000000000
000000000
000000000
000000000
000000000
000000000
000000000
000000000
000000000
000000000
0001d0163
000000000
000000000
000000000
0001d1167
000000000
000000000
000000000
0001d216b
000000000
000000000
000000000
0001d316f
000000000
000000000
000000000
000000000
0001d4173
000000000
000000000
000000000
0001d5177
000000000
000000000
000000000
0001d617b
000000000
000000000
000000000
000000000
0001d717f
000000000
000000000
000000000
000000000
000000000
000000000
000000000
000000000
000000000
000000000
000000000
000000000
000000000
000000000
0001d81e3
000000000
000000000
000000000
0001d91e7
000000000
000000000
000000000
000000000
000000000
0001da1eb
000000000
000000000
0001db1ef
000000000
000000000
000000000
0001dc1f3
000000000
000000000
000000000
000000000
0001de1fb
000000000
000000000
0001dd1f7
000000000
000000000
000000000
0001df1ff
000000000
000000000
000000000
000000000
000000000
000000000
000000000
000000000
000000000
000000000
000000000
000000000
000000000
000000000
000000000
000000000
0001e0263
000000000
000000000
000000000
0001e1267
000000000
000000000
000000000
0001e226b
000000000
000000000
000000000
0001e326f
000000000
000000000
000000000
0001e4273
000000000
000000000
000000000
0001e5277
000000000
000000000
000000000
000000000
000000000
000000000
000000000
000000000
000000000
0001e627b
0001e727f
000000000
000000000
000000000
000000000
000000000
000000000
000000000
000000000
000000000
000000000
000000000
000000000
0001e82e3
000000000
0001e92e7
0001ea2eb
0001eb2ef
000000000
000000000
0001ec2f3
000000000
000000000
000000000
0001ed2f7
000000000
000000000
000000000
0001ee2fb
000000000
000000000
000000000
000000000
0001ef2ff
000000000
000000000
000000000
000000000
000000000
000000000
000000000
000000000
000000000
000000000
000000000
000000000
000000000
000000000
000000000
000000000
000000000
000000000
000000000
000000000
000000000
000000000
000000000
000000000
000000000
000000000
000000000
000000000
000000000
000000000
0001f0363
000000000
000000000
000000000
0001f1367
000000000
000000000
000000000
000000000
000000000
000000000
0001f236b
0001f336f
0001f4373
0001f5377
0001f637b
0001f737f
000000000
000000000
000000000
000000000
000000000
000000000
000000000
000000000
000000000
000000000
000000000
000000000
000000000
000000000
000000000
000000000
000000000
000000000
000000000
000000000
000000000
000000000
000000000
000000000
000000000
000000000
000000000
000000000
000000000
000000000
000000000
000000000
000000000
000000000
000000000
000000000
000000000
000000000
000000000
000000000
000000000
000000000
000000000
000000000
000000000
000000000
000000000
000000000
000000000
000000000
000000000
000000000
000000000
000000000
000000000
000000000
0001f83e3
0001f93e7
0001fa3eb
0001fb3ef
0001fc3f3
0001fd3f7
0001fe3fb
0001ff3ff
000000000
