00000000
00000000
00000000
00000000
00000000
00000000
00000000
00000000
00000000
00000000
00000000
00000000
00000000
00000000
00000000
00000000
00000000
00000000
00000000
00000000
00000000
00000000
00000000
00000000
00000000
00000000
00000000
00000000
00000000
00000000
00000000
00000000
00000000
00000000
00a09081
00000000
00000000
00000000
00000000
00000000
00000000
00000000
00e0d081
00000000
00000000
00000000
00000000
00000000
00000000
00000000
01211081
00000000
00000000
00000000
00000000
00000000
00000000
00000000
01615081
00000000
00000000
00000000
00000000
00000000
00000000
00000000
02221081
00000000
00000000
00000000
00000000
00000000
00000000
00000000
02625081
00000000
00000000
00000000
00000000
00000000
00000000
00000000
02a29081
00000000
00000000
00000000
00000000
00000000
00000000
00000000
02e2d081
00000000
00000000
00000000
00000000
00000000
00000000
00000000
03a39081
00000000
00000000
00000000
00000000
00000000
00000000
00000000
03e3d081
00000000
00000000
00000000
00000000
00000000
00000000
00000000
04241081
00000000
01c1a009
00000000
00000000
00000000
00000000
00000000
04645081
00000000
00000000
00000000
00000000
00000000
00000000
00000000
05251081
00000000
00000000
00000000
00000000
00000000
00000000
00000000
05655081
00000000
00000000
00000000
00000000
00000000
00000000
00000000
05a59081
00000000
03c3a009
00000000
00000000
00000000
00000000
00000000
05e5d081
00000000
00000000
00000000
00000000
00000000
00000000
00000000
06a69081
00000000
00000000
00000000
00000000
00000000
00000000
00000000
06e6d081
00000000
00000000
00000000
00000000
00000000
00000000
00000000
07271081
00000000
05c5a009
00000000
00000000
00000000
00000000
00000000
07675081
00000000
00000000
00000000
00000000
00000000
00000000
00000000
08281081
00000000
00000000
00000000
00000000
00000000
00000000
00000000
08685081
00000000
00000000
00000000
00000000
00000000
00000000
00000000
08a89081
00000000
07c7a009
00000000
00000000
00000000
00000000
00000000
08e8d081
00000000
00000000
00000000
00000000
00000000
00000000
00000000
09a99081
00000000
00000000
00000000
00000000
00000000
00000000
00000000
09e9d081
00000000
00000000
00000000
00000000
00000000
00000000
00000000
0a2a1081
00000000
09c9a009
00000000
00000000
00000000
00000000
00000000
0a6a5081
00000000
00000000
00000000
00000000
00000000
00000000
00000000
0b2b1081
00000000
00000000
00000000
00000000
00000000
00000000
00000000
0b6b5081
00000000
00000000
00000000
00000000
00000000
00000000
00000000
0bab9081
00000000
0bcba009
00000000
00000000
00000000
00000000
00000000
0bebd081
00000000
00000000
00000000
00000000
00000000
00000000
00000000
0cac9081
00000000
00000000
00000000
00000000
00000000
00000000
00000000
0cecd081
00000000
00000000
00000000
00000000
00000000
00000000
00000000
0d2d1081
00000000
0dcda009
00000000
00000000
00000000
00000000
00000000
0d6d5081
00000000
00000000
00000000
00000000
00000000
00000000
00000000
0e2e1081
00000000
00000000
00000000
00000000
00000000
00000000
00000000
0e6e5081
00000000
00000000
00000000
00000000
00000000
00000000
00000000
0eae9081
00000000
0fcfa009
00000000
00000000
00000000
00000000
00000000
0eeed081
00000000
00000000
00000000
00000000
00000000
00000000
00000000
0faf9081
00000000
00000000
00000000
00000000
00000000
00000000
00000000
0fefd081
00000000
00000000
00000000
00000000
00000000
00000000
00000000
10301081
00000000
11d1a009
00000000
00000000
00000000
00000000
00000000
10705081
00000000
00000000
00000000
00000000
00000000
00000000
00000000
11311081
00000000
00000000
00000000
00000000
00000000
00000000
00000000
11715081
00000000
00000000
00000000
00000000
00000000
00000000
00000000
11b19081
00000000
13d3a009
00000000
00000000
00000000
00000000
00000000
11f1d081
00000000
00000000
00000000
00000000
00000000
00000000
00000000
12b29081
00000000
00000000
00000000
00000000
00000000
00000000
00000000
12f2d081
00000000
00000000
00000000
00000000
00000000
00000000
00000000
13331081
00000000
15d5a009
00000000
00000000
00000000
00000000
00000000
13735081
00000000
00000000
00000000
00000000
00000000
00000000
00000000
14341081
00000000
00000000
00000000
00000000
00000000
00000000
00000000
14745081
00000000
00000000
00000000
00000000
00000000
00000000
00000000
14b49081
00000000
17d7a009
00000000
00000000
00000000
00000000
00000000
14f4d081
00000000
00000000
00000000
00000000
00000000
00000000
00000000
15b59081
00000000
00000000
00000000
00000000
00000000
00000000
00000000
15f5d081
00000000
00000000
00000000
00000000
00000000
00000000
00000000
16361081
00000000
19d9a009
00000000
00000000
00000000
00000000
00000000
16765081
00000000
00000000
00000000
00000000
00000000
00000000
00000000
17371081
00000000
00000000
00000000
00000000
00000000
00000000
00000000
17775081
00000000
00000000
00000000
00000000
00000000
00000000
00000000
17b79081
00000000
1bdba009
00000000
00000000
00000000
00000000
00000000
17f7d081
00000000
00000000
00000000
00000000
00000000
00000000
00000000
18b89081
00000000
00000000
00000000
00000000
00000000
00000000
00000000
18f8d081
00000000
00000000
00000000
00000000
00000000
00000000
00000000
19391081
00000000
1ddda009
00000000
00000000
00000000
00000000
00000000
19795081
00000000
00000000
00000000
00000000
00000000
00000000
00000000
1a3a1081
00000000
00000000
00000000
00000000
00000000
00000000
00000000
1a7a5081
00000000
00000000
00000000
00000000
00000000
00000000
00000000
1aba9081
00000000
1fdfa009
00000000
00000000
00000000
00000000
00000000
1afad081
00000000
00000000
00000000
00000000
00000000
00000000
00000000
1bbb9081
00000000
00000000
00000000
00000000
00000000
00000000
00000000
1bfbd081
00000000
00000000
00000000
00000000
00000000
00000000
00000000
1c3c1081
00000000
01c1a009
00000000
00000000
00000000
00000000
00000000
1c7c5081
00000000
00000000
00000000
00000000
00000000
00000000
00000000
1d3d1081
00000000
00000000
00000000
00000000
00000000
00000000
00000000
1d7d5081
00000000
00000000
00000000
00000000
00000000
00000000
00000000
1dbd9081
00000000
03c3a009
00000000
00000000
00000000
00000000
00000000
1dfdd081
00000000
00000000
00000000
00000000
00000000
00000000
00000000
1ebe9081
00000000
00000000
00000000
00000000
00000000
00000000
00000000
1efed081
00000000
00000000
00000000
00000000
00000000
00000000
00000000
1f3f1081
00000000
05c5a009
00000000
00000000
00000000
00000000
00000000
1f7f5081
00000000
00000000
00000000
00000000
00000000
00000000
00000000
00201081
00000000
00000000
00000000
00000000
00000000
00000000
00000000
00605081
00000000
00000000
00000000
00000000
00000000
00000000
00000000
00a09081
00000000
07c7a009
00000000
00000000
00000000
00000000
00000000
00e0d081
00000000
00000000
00000000
00000000
00000000
00000000
00000000
01a19081
00000000
00000000
00000000
00000000
00000000
00000000
00000000
01e1d081
00000000
00000000
00000000
00000000
00000000
00000000
00000000
02221081
00000000
09c9a009
00000000
00000000
00000000
00000000
00000000
02625081
00000000
00000000
00000000
00000000
00000000
00000000
00000000
03231081
00000000
00000000
00000000
00000000
00000000
00000000
00000000
03635081
00000000
00000000
00000000
00000000
00000000
00000000
00000000
03a39081
00000000
0bcba009
00000000
00000000
00000000
00000000
00000000
03e3d081
00000000
00000000
00000000
00000000
00000000
00000000
00000000
04a49081
00000000
00000000
00000000
00000000
00000000
00000000
00000000
04e4d081
00000000
00000000
00000000
00000000
00000000
00000000
00000000
05251081
00000000
0dcda009
00000000
00000000
00000000
00000000
00000000
05655081
00000000
00000000
00000000
00000000
00000000
00000000
00000000
06261081
00000000
00000000
00000000
00000000
00000000
00000000
00000000
06665081
00000000
00000000
00000000
00000000
00000000
00000000
00000000
06a69081
00000000
0fcfa009
00000000
00000000
00000000
00000000
00000000
06e6d081
00000000
00000000
00000000
00000000
00000000
00000000
00000000
07a79081
00000000
00000000
00000000
00000000
00000000
00000000
00000000
07e7d081
00000000
00000000
00000000
00000000
00000000
00000000
00000000
08281081
00000000
11d1a009
00000000
00000000
00000000
00000000
00000000
08685081
00000000
00000000
00000000
00000000
00000000
00000000
00000000
09291081
00000000
00000000
00000000
00000000
00000000
00000000
00000000
09695081
00000000
00000000
00000000
00000000
00000000
00000000
00000000
09a99081
00000000
13d3a009
00000000
00000000
00000000
00000000
00000000
09e9d081
00000000
00000000
00000000
00000000
00000000
00000000
00000000
0aaa9081
00000000
00000000
00000000
00000000
00000000
00000000
00000000
0aead081
00000000
00000000
00000000
00000000
00000000
00000000
00000000
0b2b1081
00000000
15d5a009
00000000
00000000
00000000
00000000
00000000
0b6b5081
00000000
00000000
00000000
00000000
00000000
00000000
00000000
0c2c1081
00000000
00000000
00000000
00000000
00000000
00000000
00000000
0c6c5081
00000000
00000000
00000000
00000000
00000000
00000000
00000000
0cac9081
00000000
17d7a009
00000000
00000000
00000000
00000000
00000000
0cecd081
00000000
00000000
00000000
00000000
00000000
00000000
00000000
0dad9081
00000000
00000000
00000000
00000000
00000000
00000000
00000000
0dedd081
00000000
00000000
00000000
00000000
00000000
00000000
00000000
0e2e1081
00000000
19d9a009
00000000
00000000
00000000
00000000
00000000
0e6e5081
00000000
00000000
00000000
00000000
00000000
00000000
00000000
0f2f1081
00000000
00000000
00000000
00000000
00000000
00000000
00000000
0f6f5081
00000000
00000000
00000000
00000000
00000000
00000000
00000000
0faf9081
00000000
1bdba009
00000000
00000000
00000000
00000000
00000000
0fefd081
00000000
00000000
00000000
00000000
00000000
00000000
00000000
10b09081
00000000
00000000
00000000
00000000
00000000
00000000
00000000
10f0d081
00000000
00000000
00000000
00000000
00000000
00000000
00000000
11311081
00000000
1ddda009
00000000
00000000
00000000
00000000
00000000
11715081
00000000
00000000
00000000
00000000
00000000
00000000
00000000
12321081
00000000
00000000
00000000
00000000
00000000
00000000
00000000
12725081
00000000
00000000
00000000
00000000
00000000
00000000
00000000
12b29081
00000000
1fdfa009
00000000
00000000
00000000
00000000
00000000
12f2d081
00000000
00000000
00000000
00000000
00000000
00000000
00000000
13b39081
00000000
00000000
00000000
00000000
00000000
00000000
00000000
13f3d081
00000000
00000000
00000000
00000000
00000000
00000000
00000000
14341081
00000000
01c1a009
00000000
00000000
00000000
00000000
00000000
14745081
00000000
00000000
00000000
00000000
00000000
00000000
00000000
15351081
00000000
00000000
00000000
00000000
00000000
00000000
00000000
15755081
00000000
00000000
00000000
00000000
00000000
00000000
00000000
15b59081
00000000
03c3a009
00000000
00000000
00000000
00000000
00000000
15f5d081
00000000
00000000
00000000
00000000
00000000
00000000
00000000
16b69081
00000000
00000000
00000000
00000000
00000000
00000000
00000000
16f6d081
00000000
00000000
00000000
00000000
00000000
00000000
00000000
17371081
00000000
05c5a009
00000000
00000000
00000000
00000000
00000000
17775081
00000000
00000000
00000000
00000000
00000000
00000000
00000000
18381081
00000000
00000000
00000000
00000000
00000000
00000000
00000000
18785081
00000000
00000000
00000000
00000000
00000000
00000000
00000000
18b89081
00000000
07c7a009
00000000
00000000
00000000
00000000
00000000
18f8d081
00000000
00000000
00000000
00000000
00000000
00000000
00000000
19b99081
00000000
00000000
00000000
00000000
00000000
00000000
00000000
19f9d081
00000000
00000000
00000000
00000000
00000000
00000000
00000000
1a3a1081
00000000
09c9a009
00000000
00000000
00000000
00000000
00000000
1a7a5081
00000000
00000000
00000000
00000000
00000000
00000000
00000000
1b3b1081
00000000
00000000
00000000
00000000
00000000
00000000
00000000
1b7b5081
00000000
00000000
00000000
00000000
00000000
00000000
00000000
1bbb9081
00000000
0bcba009
00000000
00000000
00000000
00000000
00000000
1bfbd081
00000000
00000000
00000000
00000000
00000000
00000000
00000000
1cbc9081
00000000
00000000
00000000
00000000
00000000
00000000
00000000
1cfcd081
00000000
00000000
00000000
00000000
00000000
00000000
00000000
1d3d1081
00000000
0dcda009
00000000
00000000
00000000
00000000
00000000
1d7d5081
00000000
00000000
00000000
00000000
00000000
00000000
00000000
1e3e1081
00000000
00000000
00000000
00000000
00000000
00000000
00000000
1e7e5081
00000000
00000000
00000000
00000000
00000000
00000000
00000000
1ebe9081
00000000
0fcfa009
00000000
00000000
00000000
00000000
00000000
1efed081
00000000
00000000
00000000
00000000
00000000
00000000
00000000
1fbf9081
00000000
00000000
00000000
00000000
00000000
00000000
00000000
1fffd081
00000000
00000000
00000000
00000000
00000000
00000000
00000000
00201081
00000000
11d1a009
00000000
00000000
00000000
00000000
00000000
00605081
00000000
00000000
00000000
00000000
00000000
00000000
00000000
01211081
00000000
00000000
00000000
00000000
00000000
00000000
00000000
01615081
00000000
00000000
00000000
00000000
00000000
00000000
00000000
01a19081
00000000
13d3a009
00000000
00000000
00000000
00000000
00000000
01e1d081
00000000
00000000
00000000
00000000
00000000
00000000
00000000
02a29081
00000000
00000000
00000000
00000000
00000000
00000000
00000000
02e2d081
00000000
00000000
00000000
00000000
00000000
00000000
00000000
03231081
00000000
15d5a009
00000000
00000000
00000000
00000000
00000000
03635081
00000000
00000000
00000000
00000000
00000000
00000000
00000000
04241081
00000000
00000000
00000000
00000000
00000000
00000000
00000000
04645081
00000000
00000000
00000000
00000000
00000000
00000000
00000000
04a49081
00000000
17d7a009
00000000
00000000
00000000
00000000
00000000
04e4d081
00000000
00000000
00000000
00000000
00000000
00000000
00000000
05a59081
00000000
00000000
00000000
00000000
00000000
00000000
00000000
05e5d081
00000000
00000000
00000000
00000000
00000000
00000000
00000000
06261081
00000000
19d9a009
00000000
00000000
00000000
00000000
00000000
06665081
00000000
00000000
00000000
00000000
00000000
00000000
00000000
07271081
00000000
00000000
00000000
00000000
00000000
00000000
00000000
07675081
00000000
00000000
00000000
00000000
00000000
00000000
00000000
07a79081
00000000
1bdba009
00000000
00000000
00000000
00000000
00000000
07e7d081
00000000
00000000
00000000
00000000
00000000
00000000
00000000
08a89081
00000000
00000000
00000000
00000000
00000000
00000000
00000000
08e8d081
00000000
00000000
00000000
00000000
00000000
00000000
00000000
09291081
00000000
1ddda009
00000000
00000000
00000000
00000000
00000000
09695081
00000000
00000000
00000000
00000000
00000000
00000000
00000000
0a2a1081
00000000
00000000
00000000
00000000
00000000
00000000
00000000
0a6a5081
00000000
00000000
00000000
00000000
00000000
00000000
00000000
0aaa9081
00000000
1fdfa009
00000000
00000000
00000000
00000000
00000000
0aead081
00000000
00000000
00000000
00000000
00000000
00000000
00000000
0bab9081
00000000
00000000
00000000
00000000
00000000
00000000
00000000
0bebd081
00000000
00000000
00000000
00000000
00000000
00000000
00000000
0c2c1081
00000000
01c1a009
00000000
00000000
00000000
00000000
00000000
0c6c5081
00000000
00000000
00000000
00000000
00000000
00000000
00000000
0d2d1081
00000000
00000000
00000000
00000000
00000000
00000000
00000000
0d6d5081
00000000
00000000
00000000
00000000
00000000
00000000
00000000
0dad9081
00000000
03c3a009
00000000
00000000
00000000
00000000
00000000
0dedd081
00000000
00000000
00000000
00000000
00000000
00000000
00000000
0eae9081
00000000
00000000
00000000
00000000
00000000
00000000
00000000
0eeed081
00000000
00000000
00000000
00000000
00000000
00000000
00000000
0f2f1081
00000000
05c5a009
00000000
00000000
00000000
00000000
00000000
0f6f5081
00000000
00000000
00000000
00000000
00000000
00000000
00000000
10301081
00000000
00000000
00000000
00000000
00000000
00000000
00000000
10705081
00000000
00000000
00000000
00000000
00000000
00000000
00000000
10b09081
00000000
07c7a009
00000000
00000000
00000000
00000000
00000000
10f0d081
00000000
00000000
00000000
00000000
00000000
00000000
00000000
11b19081
00000000
00000000
00000000
00000000
00000000
00000000
00000000
11f1d081
00000000
00000000
00000000
00000000
00000000
00000000
00000000
12321081
00000000
09c9a009
00000000
00000000
00000000
00000000
00000000
12725081
00000000
00000000
00000000
00000000
00000000
00000000
00000000
13331081
00000000
00000000
00000000
00000000
00000000
00000000
00000000
13735081
00000000
00000000
00000000
00000000
00000000
00000000
00000000
13b39081
00000000
0bcba009
00000000
00000000
00000000
00000000
00000000
13f3d081
00000000
00000000
00000000
00000000
00000000
00000000
00000000
14b49081
00000000
00000000
00000000
00000000
00000000
00000000
00000000
14f4d081
00000000
00000000
00000000
00000000
00000000
00000000
00000000
15351081
00000000
0dcda009
00000000
00000000
00000000
00000000
00000000
15755081
00000000
00000000
00000000
00000000
00000000
00000000
00000000
16361081
00000000
00000000
00000000
00000000
00000000
00000000
00000000
16765081
00000000
00000000
00000000
00000000
00000000
00000000
00000000
16b69081
00000000
0fcfa009
00000000
00000000
00000000
00000000
00000000
16f6d081
00000000
00000000
00000000
00000000
00000000
00000000
00000000
17b79081
00000000
00000000
00000000
00000000
00000000
00000000
00000000
17f7d081
00000000
00000000
00000000
00000000
00000000
00000000
00000000
18381081
00000000
11d1a009
00000000
00000000
00000000
00000000
00000000
18785081
00000000
00000000
00000000
00000000
00000000
00000000
00000000
19391081
00000000
00000000
00000000
00000000
00000000
00000000
00000000
19795081
00000000
00000000
00000000
00000000
00000000
00000000
00000000
19b99081
00000000
13d3a009
00000000
00000000
00000000
00000000
00000000
19f9d081
00000000
00000000
00000000
00000000
00000000
00000000
00000000
1aba9081
00000000
00000000
00000000
00000000
00000000
00000000
00000000
1afad081
00000000
00000000
00000000
00000000
00000000
00000000
00000000
1b3b1081
00000000
15d5a009
00000000
00000000
00000000
00000000
00000000
1b7b5081
00000000
00000000
00000000
00000000
00000000
00000000
00000000
1c3c1081
00000000
00000000
00000000
00000000
00000000
00000000
00000000
1c7c5081
00000000
00000000
00000000
00000000
00000000
00000000
00000000
1cbc9081
00000000
17d7a009
00000000
00000000
00000000
00000000
00000000
1cfcd081
00000000
00000000
00000000
00000000
00000000
00000000
00000000
1dbd9081
00000000
00000000
00000000
00000000
00000000
00000000
00000000
1dfdd081
00000000
00000000
00000000
00000000
00000000
00000000
00000000
1e3e1081
00000000
19d9a009
00000000
00000000
00000000
00000000
00000000
1e7e5081
00000000
00000000
00000000
00000000
00000000
00000000
00000000
1f3f1081
00000000
00000000
00000000
00000000
00000000
00000000
00000000
1f7f5081
00000000
00000000
00000000
00000000
00000000
00000000
00000000
1fbf9081
00000000
1bdba009
00000000
00000000
00000000
00000000
00000000
1fffd081
00000000
00000000
00000000
00000000
00000000
00000000
00000000
00000000
00000000
00000000
00000000
00000000
00000000
00000000
00000000
00000000
00000000
00000000
00000000
00000000
00000000
00000000
00000000
00000000
00000000
1ddda009
00000000
00000000
00000000
00000000
00000000
00000000
00000000
00000000
00000000
00000000
00000000
00000000
00000000
00000000
00000000
00000000
00000000
00000000
00000000
00000000
00000000
00000000
00000000
00000000
00000000
00000000
00000000
00000000
00000000
00000000
00000000
1fdfa009
00000000
00000000
00000000
00000000
00000000
00000000
00000000
00000000
00000000
00000000
00000000
00000000
00000000
00000000
00000000
00000000
00000000
00000000
00000000
00000000
00000000
00000000
00000000
00000000
00000000
00000000
00000000
00000000
00000000
00000000
00000000
