00000000
00000000
00000000
00201081
00000000
00000000
00000000
00000000
00000000
00000000
00000000
00a09081
00000000
00000000
00000000
00000000
00000000
00000000
00000000
01211081
00000000
00000000
00000000
00000000
00000000
00000000
00000000
01a19081
00000000
00000000
00000000
00000000
00000000
00000000
00000000
02221081
00000000
00000000
00000000
00000000
00000000
00000000
00000000
02a29081
00000000
00000000
00000000
00000000
00000000
00000000
00000000
03231081
00000000
00000000
00000000
00000000
00000000
00000000
00000000
03a39081
00000000
00000000
00000000
00000000
00000000
00000000
00000000
04241081
00000000
00000000
00000000
00000000
00000000
00000000
00000000
04a49081
00000000
00000000
00000000
00000000
00000000
00000000
00000000
05251081
00000000
00000000
00000000
00000000
00000000
00000000
00000000
05a59081
00000000
00000000
00000000
00000000
00000000
00000000
00000000
06261081
00000000
00000000
00000000
00000000
00000000
00000000
00000000
06a69081
00000000
00000000
00000000
00000000
00000000
00000000
00000000
07271081
00000000
00000000
00000000
00000000
00000000
00000000
00000000
07a79081
00000000
00000000
00000000
00000000
00000000
00000000
00000000
08281081
00000000
00000000
00000000
00000000
00000000
00000000
00000000
08a89081
00000000
00000000
00000000
00000000
00000000
00000000
00000000
09291081
00000000
00000000
00000000
00000000
00000000
00000000
00000000
09a99081
00000000
00000000
00000000
00000000
00000000
00000000
00000000
0a2a1081
00000000
00000000
00000000
00000000
00000000
00000000
00000000
0aaa9081
00000000
00000000
00000000
00000000
00000000
00000000
00000000
0b2b1081
00000000
00000000
00000000
00000000
00000000
00000000
00000000
0bab9081
00000000
00000000
00000000
00000000
00000000
00000000
00000000
0c2c1081
00000000
00000000
00000000
00000000
00000000
00000000
00000000
0cac9081
00000000
00000000
00000000
00000000
00000000
00000000
00000000
0d2d1081
00000000
00000000
00000000
00000000
00000000
00000000
00000000
0dad9081
00000000
00000000
00000000
00000000
00000000
00000000
00000000
0e2e1081
00000000
00000000
00000000
00000000
00000000
00000000
00000000
0eae9081
00000000
00000000
00000000
00000000
00000000
00000000
00000000
0f2f1081
00000000
00000000
00000000
00000000
00000000
00000000
00000000
0faf9081
00000000
00000000
00000000
00000000
00000000
00000000
00000000
10301081
00000000
00000000
00000000
00000000
00000000
00000000
00000000
10b09081
00000000
00000000
00000000
00000000
00000000
00000000
00000000
11311081
00000000
00000000
00000000
00000000
00000000
00000000
00000000
11b19081
00000000
00000000
00000000
00000000
00000000
00000000
00000000
12321081
00000000
00000000
00000000
00000000
00000000
00000000
00000000
12b29081
00000000
00000000
00000000
00000000
00000000
00000000
00000000
13331081
00000000
00000000
00000000
00000000
00000000
00000000
00000000
13b39081
00000000
00000000
00000000
00000000
00000000
00000000
00000000
14341081
00000000
00000000
00000000
00000000
00000000
00000000
00000000
14b49081
00000000
00000000
00000000
00000000
00000000
00000000
00000000
15351081
00000000
00000000
00000000
00000000
00000000
00000000
00000000
15b59081
00000000
00000000
00000000
00000000
00000000
00000000
00000000
16361081
00000000
00000000
00000000
00000000
00000000
00000000
00000000
16b69081
00000000
00000000
00000000
00000000
00000000
00000000
00000000
17371081
00000000
00000000
00000000
00000000
00000000
00000000
00000000
17b79081
00000000
00000000
00000000
00000000
00000000
00000000
00000000
18381081
00000000
00000000
00000000
00000000
00000000
00000000
00000000
18b89081
00000000
00000000
00000000
00000000
00000000
00000000
00000000
19391081
00000000
00000000
00000000
00000000
00000000
00000000
00000000
19b99081
00000000
00000000
00000000
00000000
00000000
00000000
00000000
1a3a1081
00000000
00000000
00000000
00000000
00000000
00000000
00000000
1aba9081
00000000
00000000
00000000
00000000
00000000
00000000
00000000
1b3b1081
00000000
00000000
00000000
00000000
00000000
00000000
00000000
1bbb9081
00000000
00000000
00000000
00000000
00000000
00000000
00000000
1c3c1081
00000000
00000000
00000000
00000000
00000000
00000000
00000000
1cbc9081
00000000
00000000
00000000
00000000
00000000
00000000
00000000
1d3d1081
00000000
00000000
00000000
00000000
00000000
00000000
00000000
1dbd9081
00000000
00000000
00000000
00000000
00000000
00000000
00000000
1e3e1081
00000000
00000000
00000000
00000000
00000000
00000000
00000000
1ebe9081
00000000
00000000
00000000
00000000
00000000
00000000
00000000
1f3f1081
00000000
00000000
00000000
00000000
00000000
00000000
00000000
1fbf9081
00000000
00000000
00000000
00000000
00000000
00000000
00000000
00000000
00000000
00000000
00000000
00000000
00605089
00000000
00000000
00000000
00000000
00000000
00000000
00000000
00e0d089
00000000
00000000
00000000
00000000
00000000
00000000
00000000
01615089
00000000
00000000
00000000
00000000
00000000
00000000
00000000
01e1d089
00000000
00000000
00000000
00000000
00000000
00000000
00000000
02625089
00000000
00000000
00000000
00000000
00000000
00000000
00000000
02e2d089
00000000
00000000
00000000
00000000
00000000
00000000
00000000
03635089
00000000
00000000
00000000
00000000
00000000
00000000
00000000
03e3d089
00000000
00000000
00000000
00000000
00000000
00000000
00000000
04645089
00000000
00000000
00000000
00000000
00000000
00000000
00000000
04e4d089
00000000
00000000
00000000
00000000
00000000
00000000
00000000
05655089
00000000
00000000
00000000
00000000
00000000
00000000
00000000
05e5d089
00000000
00000000
00000000
00000000
00000000
00000000
00000000
06665089
00000000
00000000
00000000
00000000
00000000
00000000
00000000
06e6d089
00000000
00000000
00000000
00000000
00000000
00000000
00000000
07675089
00000000
00000000
00000000
00000000
00000000
00000000
00000000
07e7d089
00000000
00000000
00000000
00000000
00000000
00000000
00000000
08685089
00000000
00000000
00000000
00000000
00000000
00000000
00000000
08e8d089
00000000
00000000
00000000
00000000
00000000
00000000
00000000
09695089
00000000
00000000
00000000
00000000
00000000
00000000
00000000
09e9d089
00000000
00000000
00000000
00000000
00000000
00000000
00000000
0a6a5089
00000000
00000000
00000000
00000000
00000000
00000000
00000000
0aead089
00000000
00000000
00000000
00000000
00000000
00000000
00000000
0b6b5089
00000000
00000000
00000000
00000000
00000000
00000000
00000000
0bebd089
00000000
00000000
00000000
00000000
00000000
00000000
00000000
0c6c5089
00000000
00000000
00000000
00000000
00000000
00000000
00000000
0cecd089
00000000
00000000
00000000
00000000
00000000
00000000
00000000
0d6d5089
00000000
00000000
00000000
00000000
00000000
00000000
00000000
0dedd089
00000000
00000000
00000000
00000000
00000000
00000000
00000000
0e6e5089
00000000
00000000
00000000
00000000
00000000
00000000
00000000
0eeed089
00000000
00000000
00000000
00000000
00000000
00000000
00000000
0f6f5089
00000000
00000000
00000000
00000000
00000000
00000000
00000000
0fefd089
00000000
00000000
00000000
00000000
00000000
00000000
00000000
10705089
00000000
00000000
00000000
00000000
00000000
00000000
00000000
10f0d089
00000000
00000000
00000000
00000000
00000000
00000000
00000000
11715089
00000000
00000000
00000000
00000000
00000000
00000000
00000000
11f1d089
00000000
00000000
00000000
00000000
00000000
00000000
00000000
12725089
00000000
00000000
00000000
00000000
00000000
00000000
00000000
12f2d089
00000000
00000000
00000000
00000000
00000000
00000000
00000000
13735089
00000000
00000000
00000000
00000000
00000000
00000000
00000000
13f3d089
00000000
00000000
00000000
00000000
00000000
00000000
00000000
14745089
00000000
00000000
00000000
00000000
00000000
00000000
00000000
14f4d089
00000000
00000000
00000000
00000000
00000000
00000000
00000000
15755089
00000000
00000000
00000000
00000000
00000000
00000000
00000000
15f5d089
00000000
00000000
00000000
00000000
00000000
00000000
00000000
16765089
00000000
00000000
00000000
00000000
00000000
00000000
00000000
16f6d089
00000000
00000000
00000000
00000000
00000000
00000000
00000000
17775089
00000000
00000000
00000000
00000000
00000000
00000000
00000000
17f7d089
00000000
00000000
00000000
00000000
00000000
00000000
00000000
18785089
00000000
00000000
00000000
00000000
00000000
00000000
00000000
18f8d089
00000000
00000000
00000000
00000000
00000000
00000000
00000000
19795089
00000000
00000000
00000000
00000000
00000000
00000000
00000000
19f9d089
00000000
00000000
00000000
00000000
00000000
00000000
00000000
1a7a5089
00000000
00000000
00000000
00000000
00000000
00000000
00000000
1afad089
00000000
00000000
00000000
00000000
00000000
00000000
00000000
1b7b5089
00000000
00000000
00000000
00000000
00000000
00000000
00000000
1bfbd089
00000000
00000000
00000000
00000000
00000000
00000000
00000000
1c7c5089
00000000
00000000
00000000
00000000
00000000
00000000
00000000
1cfcd089
00000000
00000000
00000000
00000000
00000000
00000000
00000000
1d7d5089
00000000
00000000
00000000
00000000
00000000
00000000
00000000
1dfdd089
00000000
00000000
00000000
00000000
00000000
00000000
00000000
1e7e5089
00000000
00000000
00000000
00000000
00000000
00000000
00000000
1efed089
00000000
00000000
00000000
00000000
00000000
00000000
00000000
1f7f5089
00000000
00000000
00000000
00000000
00000000
00000000
00000000
1fffd089
00000000
00000000
00000000
00000000
00000000
00000000
00000000
00201081
00000000
00000000
00000000
00000000
00000000
00000000
00000000
00a09081
00000000
00000000
00000000
00000000
00000000
00000000
00000000
01211081
00000000
00000000
00000000
00000000
00000000
00000000
00000000
01a19081
00000000
00000000
00000000
00000000
00000000
00000000
00000000
02221081
00000000
00000000
00000000
00000000
00000000
00000000
00000000
02a29081
00000000
00000000
00000000
00000000
00000000
00000000
00000000
03231081
00000000
00000000
00000000
00000000
00000000
00000000
00000000
03a39081
00000000
00000000
00000000
00000000
00000000
00000000
00000000
04241081
00000000
00000000
00000000
00000000
00000000
00000000
00000000
04a49081
00000000
00000000
00000000
00000000
00000000
00000000
00000000
05251081
00000000
00000000
00000000
00000000
00000000
00000000
00000000
05a59081
00000000
00000000
00000000
00000000
00000000
00000000
00000000
06261081
00000000
00000000
00000000
00000000
00000000
00000000
00000000
06a69081
00000000
00000000
00000000
00000000
00000000
00000000
00000000
07271081
00000000
00000000
00000000
00000000
00000000
00000000
00000000
07a79081
00000000
00000000
00000000
00000000
00000000
00000000
00000000
08281081
00000000
00000000
00000000
00000000
00000000
00000000
00000000
08a89081
00000000
00000000
00000000
00000000
00000000
00000000
00000000
09291081
00000000
00000000
00000000
00000000
00000000
00000000
00000000
09a99081
00000000
00000000
00000000
00000000
00000000
00000000
00000000
0a2a1081
00000000
00000000
00000000
00000000
00000000
00000000
00000000
0aaa9081
00000000
00000000
00000000
00000000
00000000
00000000
00000000
0b2b1081
00000000
00000000
00000000
00000000
00000000
00000000
00000000
0bab9081
00000000
00000000
00000000
00000000
00000000
00000000
00000000
0c2c1081
00000000
00000000
00000000
00000000
00000000
00000000
00000000
0cac9081
00000000
00000000
00000000
00000000
00000000
00000000
00000000
0d2d1081
00000000
00000000
00000000
00000000
00000000
00000000
00000000
0dad9081
00000000
00000000
00000000
00000000
00000000
00000000
00000000
0e2e1081
00000000
00000000
00000000
00000000
00000000
00000000
00000000
0eae9081
00000000
00000000
00000000
00000000
00000000
00000000
00000000
0f2f1081
00000000
00000000
00000000
00000000
00000000
00000000
00000000
0faf9081
00000000
00000000
00000000
00000000
00000000
00000000
00000000
10301081
00000000
00000000
00000000
00000000
00000000
00000000
00000000
10b09081
00000000
00000000
00000000
00000000
00000000
00000000
00000000
11311081
00000000
00000000
00000000
00000000
00000000
00000000
00000000
11b19081
00000000
00000000
00000000
00000000
00000000
00000000
00000000
12321081
00000000
00000000
00000000
00000000
00000000
00000000
00000000
12b29081
00000000
00000000
00000000
00000000
00000000
00000000
00000000
13331081
00000000
00000000
00000000
00000000
00000000
00000000
00000000
13b39081
00000000
00000000
00000000
00000000
00000000
00000000
00000000
14341081
00000000
00000000
00000000
00000000
00000000
00000000
00000000
14b49081
00000000
00000000
00000000
00000000
00000000
00000000
00000000
15351081
00000000
00000000
00000000
00000000
00000000
00000000
00000000
15b59081
00000000
00000000
00000000
00000000
00000000
00000000
00000000
16361081
00000000
00000000
00000000
00000000
00000000
00000000
00000000
16b69081
00000000
00000000
00000000
00000000
00000000
00000000
00000000
17371081
00000000
00000000
00000000
00000000
00000000
00000000
00000000
17b79081
00000000
00000000
00000000
00000000
00000000
00000000
00000000
18381081
00000000
00000000
00000000
00000000
00000000
00000000
00000000
18b89081
00000000
00000000
00000000
00000000
00000000
00000000
00000000
19391081
00000000
00000000
00000000
00000000
00000000
00000000
00000000
19b99081
00000000
00000000
00000000
00000000
00000000
00000000
00000000
1a3a1081
00000000
00000000
00000000
00000000
00000000
00000000
00000000
1aba9081
00000000
00000000
00000000
00000000
00000000
00000000
00000000
1b3b1081
00000000
00000000
00000000
00000000
00000000
00000000
00000000
1bbb9081
00000000
00000000
00000000
00000000
00000000
00000000
00000000
1c3c1081
00000000
00000000
00000000
00000000
00000000
00000000
00000000
1cbc9081
00000000
00000000
00000000
00000000
00000000
00000000
00000000
1d3d1081
00000000
00000000
00000000
00000000
00000000
00000000
00000000
1dbd9081
00000000
00000000
00000000
00000000
00000000
00000000
00000000
1e3e1081
00000000
00000000
00000000
00000000
00000000
00000000
00000000
1ebe9081
00000000
00000000
00000000
00000000
00000000
00000000
00000000
1f3f1081
00000000
00000000
00000000
00000000
00000000
00000000
00000000
1fbf9081
00000000
00000000
00000000
00000000
00000000
00000000
00000000
00000000
00000000
00000000
00000000
00000000
00605089
00000000
00000000
00000000
00000000
00000000
00000000
00000000
00e0d089
00000000
00000000
00000000
00000000
00000000
00000000
00000000
01615089
00000000
00000000
00000000
00000000
00000000
00000000
00000000
01e1d089
00000000
00000000
00000000
00000000
00000000
00000000
00000000
02625089
00000000
00000000
00000000
00000000
00000000
00000000
00000000
02e2d089
00000000
00000000
00000000
00000000
00000000
00000000
00000000
03635089
00000000
00000000
00000000
00000000
00000000
00000000
00000000
03e3d089
00000000
00000000
00000000
00000000
00000000
00000000
00000000
04645089
00000000
00000000
00000000
00000000
00000000
00000000
00000000
04e4d089
00000000
00000000
00000000
00000000
00000000
00000000
00000000
05655089
00000000
00000000
00000000
00000000
00000000
00000000
00000000
05e5d089
00000000
00000000
00000000
00000000
00000000
00000000
00000000
06665089
00000000
00000000
00000000
00000000
00000000
00000000
00000000
06e6d089
00000000
00000000
00000000
00000000
00000000
00000000
00000000
07675089
00000000
00000000
00000000
00000000
00000000
00000000
00000000
07e7d089
00000000
00000000
00000000
00000000
00000000
00000000
00000000
08685089
00000000
00000000
00000000
00000000
00000000
00000000
00000000
08e8d089
00000000
00000000
00000000
00000000
00000000
00000000
00000000
09695089
00000000
00000000
00000000
00000000
00000000
00000000
00000000
09e9d089
00000000
00000000
00000000
00000000
00000000
00000000
00000000
0a6a5089
00000000
00000000
00000000
00000000
00000000
00000000
00000000
0aead089
00000000
00000000
00000000
00000000
00000000
00000000
00000000
0b6b5089
00000000
00000000
00000000
00000000
00000000
00000000
00000000
0bebd089
00000000
00000000
00000000
00000000
00000000
00000000
00000000
0c6c5089
00000000
00000000
00000000
00000000
00000000
00000000
00000000
0cecd089
00000000
00000000
00000000
00000000
00000000
00000000
00000000
0d6d5089
00000000
00000000
00000000
00000000
00000000
00000000
00000000
0dedd089
00000000
00000000
00000000
00000000
00000000
00000000
00000000
0e6e5089
00000000
00000000
00000000
00000000
00000000
00000000
00000000
0eeed089
00000000
00000000
00000000
00000000
00000000
00000000
00000000
0f6f5089
00000000
00000000
00000000
00000000
00000000
00000000
00000000
0fefd089
00000000
00000000
00000000
00000000
00000000
00000000
00000000
10705089
00000000
00000000
00000000
00000000
00000000
00000000
00000000
10f0d089
00000000
00000000
00000000
00000000
00000000
00000000
00000000
11715089
00000000
00000000
00000000
00000000
00000000
00000000
00000000
11f1d089
00000000
00000000
00000000
00000000
00000000
00000000
00000000
12725089
00000000
00000000
00000000
00000000
00000000
00000000
00000000
12f2d089
00000000
00000000
00000000
00000000
00000000
00000000
00000000
13735089
00000000
00000000
00000000
00000000
00000000
00000000
00000000
13f3d089
00000000
00000000
00000000
00000000
00000000
00000000
00000000
14745089
00000000
00000000
00000000
00000000
00000000
00000000
00000000
14f4d089
00000000
00000000
00000000
00000000
00000000
00000000
00000000
15755089
00000000
00000000
00000000
00000000
00000000
00000000
00000000
15f5d089
00000000
00000000
00000000
00000000
00000000
00000000
00000000
16765089
00000000
00000000
00000000
00000000
00000000
00000000
00000000
16f6d089
00000000
00000000
00000000
00000000
00000000
00000000
00000000
17775089
00000000
00000000
00000000
00000000
00000000
00000000
00000000
17f7d089
00000000
00000000
00000000
00000000
00000000
00000000
00000000
18785089
00000000
00000000
00000000
00000000
00000000
00000000
00000000
18f8d089
00000000
00000000
00000000
00000000
00000000
00000000
00000000
19795089
00000000
00000000
00000000
00000000
00000000
00000000
00000000
19f9d089
00000000
00000000
00000000
00000000
00000000
00000000
00000000
1a7a5089
00000000
00000000
00000000
00000000
00000000
00000000
00000000
1afad089
00000000
00000000
00000000
00000000
00000000
00000000
00000000
1b7b5089
00000000
00000000
00000000
00000000
00000000
00000000
00000000
1bfbd089
00000000
00000000
00000000
00000000
00000000
00000000
00000000
1c7c5089
00000000
00000000
00000000
00000000
00000000
00000000
00000000
1cfcd089
00000000
00000000
00000000
00000000
00000000
00000000
00000000
1d7d5089
00000000
00000000
00000000
00000000
00000000
00000000
00000000
1dfdd089
00000000
00000000
00000000
00000000
00000000
00000000
00000000
1e7e5089
00000000
00000000
00000000
00000000
00000000
00000000
00000000
1efed089
00000000
00000000
00000000
00000000
00000000
00000000
00000000
1f7f5089
00000000
00000000
00000000
00000000
00000000
00000000
00000000
1fffd089
00000000
00000000
00000000
00000000
00000000
00000000
00000000
00000000
00000000
00000000
00000000
00000000
00000000
00000000
00000000
00000000
00000000
00000000
00000000
00000000
00000000
00000000
00000000
00000000
00000000
00000000
00000000
00000000
00000000
00000000
00000000
