000000000
000000000
000000000
000000000
000000000
000000000
000000000
000000000
000000000
000000000
000000000
000000000
000000000
000000000
000000000
000000000
000000000
000000000
000000000
000000000
000000000
000000000
000000000
000000000
000000000
000000000
000000000
000000000
000000000
000000000
000000000
000000000
000000000
000000000
000000000
1c040e022
000000000
000000000
000000000
000000000
000000000
000000000
000000000
1c0c0e0a2
000000000
000000000
000000000
000000000
000000000
000000000
000000000
1c140e122
000000000
000000000
000000000
000000000
000000000
000000000
000000000
1c1c0e1a2
000000000
000000000
000000000
000000000
000000000
000000000
000000000
1c240e222
000000000
000000000
000000000
000000000
000000000
000000000
000000000
1c2c0e2a2
000000000
000000000
000000000
000000000
000000000
000000000
000000000
1c340e322
000000000
000000000
000000000
000000000
000000000
000000000
000000000
1c3c0e3a2
000000000
000000000
000000000
000000000
000000000
000000000
000000000
1c440e422
000000000
000000000
000000000
000000000
000000000
000000000
000000000
1c4c0e4a2
000000000
000000000
000000000
000000000
000000000
000000000
000000000
1c540e522
000000000
000000000
000000000
000000000
000000000
000000000
000000000
1c5c0e5a2
000000000
000000000
000000000
000000000
000000000
000000000
000000000
1c640e622
000000000
000000000
000000000
000000000
000000000
000000000
000000000
1c6c0e6a2
000000000
000000000
000000000
000000000
000000000
000000000
000000000
1c740e722
000000000
000000000
000000000
000000000
000000000
000000000
000000000
1c7c0e7a2
000000000
000000000
000000000
000000000
000000000
000000000
000000000
1c840e822
000000000
000000000
000000000
000000000
000000000
000000000
000000000
1c8c0e8a2
000000000
000000000
000000000
000000000
000000000
000000000
000000000
1c940e922
000000000
000000000
000000000
000000000
000000000
000000000
000000000
1c9c0e9a2
000000000
000000000
000000000
000000000
000000000
000000000
000000000
1ca40ea22
000000000
000000000
000000000
000000000
000000000
000000000
000000000
1cac0eaa2
000000000
000000000
000000000
000000000
000000000
000000000
000000000
1cb40eb22
000000000
000000000
000000000
000000000
000000000
000000000
000000000
1cbc0eba2
000000000
000000000
000000000
000000000
000000000
000000000
000000000
1cc40ec22
000000000
000000000
000000000
000000000
000000000
000000000
000000000
1ccc0eca2
000000000
000000000
000000000
000000000
000000000
000000000
000000000
1cd40ed22
000000000
000000000
000000000
000000000
000000000
000000000
000000000
1cdc0eda2
000000000
000000000
000000000
000000000
000000000
000000000
000000000
1ce40ee22
000000000
000000000
000000000
000000000
000000000
000000000
000000000
1cec0eea2
000000000
000000000
000000000
000000000
000000000
000000000
000000000
1cf40ef22
000000000
000000000
000000000
000000000
000000000
000000000
000000000
1cfc0efa2
000000000
000000000
000000000
000000000
000000000
000000000
000000000
1d040f022
000000000
000000000
000000000
000000000
000000000
000000000
000000000
1d0c0f0a2
000000000
000000000
000000000
000000000
000000000
000000000
000000000
1d140f122
000000000
000000000
000000000
000000000
000000000
000000000
000000000
1d1c0f1a2
000000000
000000000
000000000
000000000
000000000
000000000
000000000
1d240f222
000000000
000000000
000000000
000000000
000000000
000000000
000000000
1d2c0f2a2
000000000
000000000
000000000
000000000
000000000
000000000
000000000
1d340f322
000000000
000000000
000000000
000000000
000000000
000000000
000000000
1d3c0f3a2
000000000
000000000
000000000
000000000
000000000
000000000
000000000
1d440f422
000000000
000000000
000000000
000000000
000000000
000000000
000000000
1d4c0f4a2
000000000
000000000
000000000
000000000
000000000
000000000
000000000
1d540f522
000000000
000000000
000000000
000000000
000000000
000000000
000000000
1d5c0f5a2
000000000
000000000
000000000
000000000
000000000
000000000
000000000
1d640f622
000000000
000000000
000000000
000000000
000000000
000000000
000000000
1d6c0f6a2
000000000
000000000
000000000
000000000
000000000
000000000
000000000
1d740f722
000000000
000000000
000000000
000000000
000000000
000000000
000000000
1d7c0f7a2
000000000
000000000
000000000
000000000
000000000
000000000
000000000
1d840f822
000000000
000000000
000000000
000000000
000000000
000000000
000000000
1d8c0f8a2
000000000
000000000
000000000
000000000
000000000
000000000
000000000
1d940f922
000000000
000000000
000000000
000000000
000000000
000000000
000000000
1d9c0f9a2
000000000
000000000
000000000
000000000
000000000
000000000
000000000
1da40fa22
000000000
000000000
000000000
000000000
000000000
000000000
000000000
1dac0faa2
000000000
000000000
000000000
000000000
000000000
000000000
000000000
1db40fb22
000000000
000000000
000000000
000000000
000000000
000000000
000000000
1dbc0fba2
000000000
000000000
000000000
000000000
000000000
000000000
000000000
1dc40fc22
000000000
000000000
000000000
000000000
000000000
000000000
000000000
1dcc0fca2
000000000
000000000
000000000
000000000
000000000
000000000
000000000
1dd40fd22
000000000
000000000
000000000
000000000
000000000
000000000
000000000
1ddc0fda2
000000000
000000000
000000000
000000000
000000000
000000000
000000000
1de40fe22
000000000
000000000
000000000
000000000
000000000
000000000
000000000
1dec0fea2
000000000
000000000
000000000
000000000
000000000
000000000
000000000
1df40ff22
000000000
000000000
000000000
000000000
000000000
000000000
000000000
1dfc0ffa2
000000000
000000000
000000000
000000000
000000000
000000000
000000000
000000000
000000000
000000000
000000000
000000000
000000000
000000000
000000000
000000000
000000000
000000000
000000000
000000000
000000000
000000000
000000000
000000000
000000000
000000000
000000000
000000000
000000000
000000000
000000000
000000000
000000000
000000000
000000000
000000000
000000000
000000000
000000000
000000000
000000000
000000000
000000000
000000000
000000000
000000000
000000000
000000000
000000000
000000000
000000000
000000000
000000000
000000000
000000000
000000000
000000000
000000000
000000000
000000000
000000000
000000000
000000000
000000000
000000000
000000000
000000000
000000000
000000000
000000000
000000000
000000000
000000000
000000000
000000000
000000000
000000000
000000000
000000000
000000000
000000000
000000000
000000000
000000000
000000000
000000000
000000000
000000000
000000000
000000000
000000000
000000000
000000000
000000000
000000000
000000000
000000000
000000000
000000000
000000000
000000000
000000000
000000000
000000000
000000000
000000000
000000000
000000000
000000000
000000000
000000000
000000000
000000000
000000000
000000000
000000000
000000000
000000000
000000000
000000000
000000000
000000000
000000000
000000000
000000000
000000000
000000000
000000000
000000000
000000000
000000000
000000000
000000000
000000000
000000000
000000000
000000000
000000000
000000000
000000000
000000000
000000000
000000000
000000000
000000000
000000000
000000000
000000000
000000000
000000000
000000000
000000000
000000000
000000000
000000000
000000000
000000000
000000000
000000000
000000000
000000000
000000000
000000000
000000000
000000000
000000000
000000000
000000000
000000000
000000000
000000000
000000000
000000000
000000000
000000000
000000000
000000000
000000000
000000000
000000000
000000000
000000000
000000000
000000000
000000000
000000000
000000000
000000000
000000000
000000000
000000000
000000000
000000000
000000000
000000000
000000000
000000000
000000000
000000000
000000000
000000000
000000000
000000000
000000000
000000000
000000000
000000000
000000000
000000000
000000000
000000000
000000000
000000000
000000000
000000000
000000000
000000000
000000000
000000000
000000000
000000000
000000000
000000000
000000000
000000000
000000000
000000000
000000000
000000000
000000000
000000000
000000000
000000000
000000000
000000000
000000000
000000000
000000000
000000000
000000000
000000000
000000000
000000000
000000000
000000000
000000000
000000000
000000000
000000000
000000000
000000000
000000000
000000000
000000000
000000000
000000000
000000000
000000000
000000000
000000000
000000000
000000000
000000000
000000000
000000000
000000000
000000000
000000000
000000000
000000000
000000000
000000000
000000000
000000000
000000000
000000000
000000000
000000000
000000000
000000000
000000000
000000000
000000000
000000000
000000000
000000000
000000000
000000000
000000000
000000000
000000000
000000000
000000000
000000000
000000000
000000000
000000000
000000000
000000000
000000000
000000000
000000000
000000000
000000000
000000000
000000000
000000000
000000000
000000000
000000000
000000000
000000000
000000000
000000000
000000000
000000000
000000000
000000000
000000000
000000000
000000000
000000000
000000000
000000000
000000000
000000000
000000000
000000000
000000000
000000000
000000000
000000000
000000000
000000000
000000000
000000000
000000000
000000000
000000000
000000000
000000000
000000000
000000000
000000000
000000000
000000000
000000000
000000000
000000000
000000000
000000000
000000000
000000000
000000000
000000000
000000000
000000000
000000000
000000000
000000000
000000000
000000000
000000000
000000000
000000000
000000000
000000000
000000000
000000000
000000000
000000000
000000000
000000000
000000000
000000000
000000000
000000000
000000000
000000000
000000000
000000000
000000000
000000000
000000000
000000000
000000000
000000000
000000000
000000000
000000000
000000000
000000000
000000000
000000000
000000000
000000000
000000000
000000000
000000000
000000000
000000000
000000000
000000000
000000000
000000000
000000000
000000000
000000000
000000000
000000000
000000000
000000000
000000000
000000000
000000000
000000000
000000000
000000000
000000000
000000000
000000000
000000000
000000000
000000000
000000000
000000000
000000000
000000000
000000000
000000000
000000000
000000000
000000000
000000000
000000000
000000000
000000000
000000000
000000000
000000000
000000000
000000000
000000000
000000000
000000000
000000000
000000000
000000000
000000000
000000000
000000000
000000000
000000000
000000000
000000000
000000000
000000000
000000000
000000000
000000000
000000000
000000000
000000000
000000000
000000000
000000000
000000000
000000000
000000000
000000000
000000000
000000000
000000000
000000000
000000000
000000000
000000000
000000000
000000000
000000000
000000000
000000000
000000000
000000000
000000000
000000000
000000000
000000000
000000000
000000000
000000000
000000000
000000000
000000000
000000000
000000000
000000000
000000000
000000000
000000000
000000000
000000000
000000000
000000000
000000000
000000000
000000000
000000000
000000000
000000000
000000000
000000000
000000000
000000000
000000000
000000000
000000000
000000000
000000000
000000000
000000000
000000000
000000000
000000000
1c040e022
000000000
000000000
000000000
000000000
000000000
000000000
000000000
1c0c0e0a2
000000000
000000000
000000000
000000000
000000000
000000000
000000000
1c140e122
000000000
000000000
000000000
000000000
000000000
000000000
000000000
1c1c0e1a2
000000000
000000000
000000000
000000000
000000000
000000000
000000000
1c240e222
000000000
000000000
000000000
000000000
000000000
000000000
000000000
1c2c0e2a2
000000000
000000000
000000000
000000000
000000000
000000000
000000000
1c340e322
000000000
000000000
000000000
000000000
000000000
000000000
000000000
1c3c0e3a2
000000000
000000000
000000000
000000000
000000000
000000000
000000000
1c440e422
000000000
000000000
000000000
000000000
000000000
000000000
000000000
1c4c0e4a2
000000000
000000000
000000000
000000000
000000000
000000000
000000000
1c540e522
000000000
000000000
000000000
000000000
000000000
000000000
000000000
1c5c0e5a2
000000000
000000000
000000000
000000000
000000000
000000000
000000000
1c640e622
000000000
000000000
000000000
000000000
000000000
000000000
000000000
1c6c0e6a2
000000000
000000000
000000000
000000000
000000000
000000000
000000000
1c740e722
000000000
000000000
000000000
000000000
000000000
000000000
000000000
1c7c0e7a2
000000000
000000000
000000000
000000000
000000000
000000000
000000000
1c840e822
000000000
000000000
000000000
000000000
000000000
000000000
000000000
1c8c0e8a2
000000000
000000000
000000000
000000000
000000000
000000000
000000000
1c940e922
000000000
000000000
000000000
000000000
000000000
000000000
000000000
1c9c0e9a2
000000000
000000000
000000000
000000000
000000000
000000000
000000000
1ca40ea22
000000000
000000000
000000000
000000000
000000000
000000000
000000000
1cac0eaa2
000000000
000000000
000000000
000000000
000000000
000000000
000000000
1cb40eb22
000000000
000000000
000000000
000000000
000000000
000000000
000000000
1cbc0eba2
000000000
000000000
000000000
000000000
000000000
000000000
000000000
1cc40ec22
000000000
000000000
000000000
000000000
000000000
000000000
000000000
1ccc0eca2
000000000
000000000
000000000
000000000
000000000
000000000
000000000
1cd40ed22
000000000
000000000
000000000
000000000
000000000
000000000
000000000
1cdc0eda2
000000000
000000000
000000000
000000000
000000000
000000000
000000000
1ce40ee22
000000000
000000000
000000000
000000000
000000000
000000000
000000000
1cec0eea2
000000000
000000000
000000000
000000000
000000000
000000000
000000000
1cf40ef22
000000000
000000000
000000000
000000000
000000000
000000000
000000000
1cfc0efa2
000000000
000000000
000000000
000000000
000000000
000000000
000000000
1d040f022
000000000
000000000
000000000
000000000
000000000
000000000
000000000
1d0c0f0a2
000000000
000000000
000000000
000000000
000000000
000000000
000000000
1d140f122
000000000
000000000
000000000
000000000
000000000
000000000
000000000
1d1c0f1a2
000000000
000000000
000000000
000000000
000000000
000000000
000000000
1d240f222
000000000
000000000
000000000
000000000
000000000
000000000
000000000
1d2c0f2a2
000000000
000000000
000000000
000000000
000000000
000000000
000000000
1d340f322
000000000
000000000
000000000
000000000
000000000
000000000
000000000
1d3c0f3a2
000000000
000000000
000000000
000000000
000000000
000000000
000000000
1d440f422
000000000
000000000
000000000
000000000
000000000
000000000
000000000
1d4c0f4a2
000000000
000000000
000000000
000000000
000000000
000000000
000000000
1d540f522
000000000
000000000
000000000
000000000
000000000
000000000
000000000
1d5c0f5a2
000000000
000000000
000000000
000000000
000000000
000000000
000000000
1d640f622
000000000
000000000
000000000
000000000
000000000
000000000
000000000
1d6c0f6a2
000000000
000000000
000000000
000000000
000000000
000000000
000000000
1d740f722
000000000
000000000
000000000
000000000
000000000
000000000
000000000
1d7c0f7a2
000000000
000000000
000000000
000000000
000000000
000000000
000000000
1d840f822
000000000
000000000
000000000
000000000
000000000
000000000
000000000
1d8c0f8a2
000000000
000000000
000000000
000000000
000000000
000000000
000000000
1d940f922
000000000
000000000
000000000
000000000
000000000
000000000
000000000
1d9c0f9a2
000000000
000000000
000000000
000000000
000000000
000000000
000000000
1da40fa22
000000000
000000000
000000000
000000000
000000000
000000000
000000000
1dac0faa2
000000000
000000000
000000000
000000000
000000000
000000000
000000000
1db40fb22
000000000
000000000
000000000
000000000
000000000
000000000
000000000
1dbc0fba2
000000000
000000000
000000000
000000000
000000000
000000000
000000000
1dc40fc22
000000000
000000000
000000000
000000000
000000000
000000000
000000000
1dcc0fca2
000000000
000000000
000000000
000000000
000000000
000000000
000000000
1dd40fd22
000000000
000000000
000000000
000000000
000000000
000000000
000000000
1ddc0fda2
000000000
000000000
000000000
000000000
000000000
000000000
000000000
1de40fe22
000000000
000000000
000000000
000000000
000000000
000000000
000000000
1dec0fea2
000000000
000000000
000000000
000000000
000000000
000000000
000000000
1df40ff22
000000000
000000000
000000000
000000000
000000000
000000000
000000000
1dfc0ffa2
000000000
000000000
000000000
000000000
000000000
000000000
000000000
000000000
000000000
000000000
000000000
000000000
000000000
000000000
000000000
000000000
000000000
000000000
000000000
000000000
000000000
000000000
000000000
000000000
000000000
000000000
000000000
000000000
000000000
000000000
000000000
000000000
000000000
000000000
000000000
000000000
000000000
000000000
000000000
000000000
000000000
000000000
000000000
000000000
000000000
000000000
000000000
000000000
000000000
000000000
000000000
000000000
000000000
000000000
000000000
000000000
000000000
000000000
000000000
000000000
000000000
000000000
000000000
000000000
000000000
000000000
000000000
000000000
000000000
000000000
000000000
000000000
000000000
000000000
000000000
000000000
000000000
000000000
000000000
000000000
000000000
000000000
000000000
000000000
000000000
000000000
000000000
000000000
000000000
000000000
000000000
000000000
000000000
000000000
000000000
000000000
000000000
000000000
000000000
000000000
000000000
000000000
000000000
000000000
000000000
000000000
000000000
000000000
000000000
000000000
000000000
000000000
000000000
000000000
000000000
000000000
000000000
000000000
000000000
000000000
000000000
000000000
000000000
000000000
000000000
000000000
000000000
000000000
000000000
000000000
000000000
000000000
000000000
000000000
000000000
000000000
000000000
000000000
000000000
000000000
000000000
000000000
000000000
000000000
000000000
000000000
000000000
000000000
000000000
000000000
000000000
000000000
000000000
000000000
000000000
000000000
000000000
000000000
000000000
000000000
000000000
000000000
000000000
000000000
000000000
000000000
000000000
000000000
000000000
000000000
000000000
000000000
000000000
000000000
000000000
000000000
000000000
000000000
000000000
000000000
000000000
000000000
000000000
000000000
000000000
000000000
000000000
000000000
000000000
000000000
000000000
000000000
000000000
000000000
000000000
000000000
000000000
000000000
000000000
000000000
000000000
000000000
000000000
000000000
000000000
000000000
000000000
000000000
000000000
000000000
000000000
000000000
000000000
000000000
000000000
000000000
000000000
000000000
000000000
000000000
000000000
000000000
000000000
000000000
000000000
000000000
000000000
000000000
000000000
000000000
000000000
000000000
000000000
000000000
000000000
000000000
000000000
000000000
000000000
000000000
000000000
000000000
000000000
000000000
000000000
000000000
000000000
000000000
000000000
000000000
000000000
000000000
000000000
000000000
000000000
000000000
000000000
000000000
000000000
000000000
000000000
000000000
000000000
000000000
000000000
000000000
000000000
000000000
000000000
000000000
000000000
000000000
000000000
000000000
000000000
000000000
000000000
000000000
000000000
000000000
000000000
000000000
000000000
000000000
000000000
000000000
000000000
000000000
000000000
000000000
000000000
000000000
000000000
000000000
000000000
000000000
000000000
000000000
000000000
000000000
000000000
000000000
000000000
000000000
000000000
000000000
000000000
000000000
000000000
000000000
000000000
000000000
000000000
000000000
000000000
000000000
000000000
000000000
000000000
000000000
000000000
000000000
000000000
000000000
000000000
000000000
000000000
000000000
000000000
000000000
000000000
000000000
000000000
000000000
000000000
000000000
000000000
000000000
000000000
000000000
000000000
000000000
000000000
000000000
000000000
000000000
000000000
000000000
000000000
000000000
000000000
000000000
000000000
000000000
000000000
000000000
000000000
000000000
000000000
000000000
000000000
000000000
000000000
000000000
000000000
000000000
000000000
000000000
000000000
000000000
000000000
000000000
000000000
000000000
000000000
000000000
000000000
000000000
000000000
000000000
000000000
000000000
000000000
000000000
000000000
000000000
000000000
000000000
000000000
000000000
000000000
000000000
000000000
000000000
000000000
000000000
000000000
000000000
000000000
000000000
000000000
000000000
000000000
000000000
000000000
000000000
000000000
000000000
000000000
000000000
000000000
000000000
000000000
000000000
000000000
000000000
000000000
000000000
000000000
000000000
000000000
000000000
000000000
000000000
000000000
000000000
000000000
000000000
000000000
000000000
000000000
000000000
000000000
000000000
000000000
000000000
000000000
000000000
000000000
000000000
000000000
000000000
000000000
000000000
000000000
000000000
000000000
000000000
000000000
000000000
000000000
000000000
000000000
000000000
000000000
000000000
000000000
000000000
000000000
000000000
000000000
000000000
000000000
000000000
000000000
000000000
000000000
000000000
000000000
000000000
000000000
000000000
000000000
000000000
000000000
000000000
000000000
000000000
000000000
000000000
000000000
000000000
000000000
000000000
000000000
000000000
000000000
000000000
000000000
000000000
000000000
000000000
000000000
000000000
000000000
000000000
000000000
000000000
000000000
000000000
000000000
000000000
000000000
000000000
000000000
000000000
000000000
000000000
000000000
000000000
000000000
000000000
000000000
000000000
000000000
000000000
