000000003 000000000 000000000 000000000 000000000 0
000001007 000000000 000000000 000000000 000000000 0
00000200b 000000000 000000000 000000000 000000000 0
00000300f 000000000 000000000 000000000 000000000 0
000004013 000000000 000000000 000000000 000000000 0
000005017 000000000 000000000 000000000 000000000 0
00000601b 000000000 000000000 000000000 000000000 0
00000701f 000000000 000000000 000000000 000000000 0
000008023 000000000 000000000 000000000 000000000 0
000009063 000000000 0200000cb 000000000 000000000 0
00000a067 000000000 0202000eb 000000000 000000000 0
00000b06b 000000000 02040010b 000000000 000000000 0
00000c0ab 000000000 02200030b 000000000 000000000 0
00000d0af 000000000 02220032b 000000000 000000000 0
00000e0b3 000000000 02240034b 000000000 000000000 0
00000f0f3 000000000 02400054b 000000000 000000000 0
0000100f7 000000000 02420056b 000000000 000000000 0
0000110fb 000000000 02440058b 000000000 000000000 0
00001213b 000000000 02600078b 000000000 000000000 0
00001313f 000000000 0262007ab 000000000 000000000 0
000014143 000000000 0264007cb 000000000 000000000 0
000015183 000000000 0280009cb 000000000 000000000 0
000016187 000000000 0282009eb 000602002 000000000 0
00001718b 000000000 028400a0b 000000000 000000000 0
0000181cb 000000000 02a000c0b 000000000 000000000 0
0000191cf 000000000 02a200c2b 002622202 000000000 0
00001a1d3 000000000 02a400c4b 000000000 000000000 0
00001b213 000000000 02c000e4b 000000000 000000000 0
00001c217 000000000 02c200e6b 004642402 000000000 0
00001d21b 000000000 02c400e8b 000000000 000000000 0
00001e25b 000000000 02e00108b 000804062 000000000 0
00001f25f 000000000 02e2010ab 006662602 000000000 0
000020263 000000000 02e4010cb 000000000 000000000 0
0000212a3 000000000 0300012cb 002824262 000000000 0
0000222a7 000000000 0302012eb 008682802 000000000 0
0000232ab 000000000 03040130b 000000000 000000000 0
0000242eb 000000000 03200150b 004844462 000000000 0
0000252ef 000000000 03220152b 040a0c081 000000000 0
0000262f3 000000000 03240154b 00a6a2a02 000000000 0
000027333 000000000 03400174b 006864662 000000000 0
000028337 000000000 03420176b 042a0c281 000000000 0
00002933b 000000000 03440178b 00c6c2c02 000000000 0
00002a37b 000000000 03600198b 008884862 000000000 0
00002b37f 000000000 0362019ab 044a0c481 000000000 0
00002c383 000000000 04120a0c3 000000000 000000000 0
000000000 000000000 04160a0e3 00a8a4a62 000000000 0
000000000 000000000 041a0a103 046a0c681 000000000 0
000000000 000000000 04362a303 000000000 000000000 0
000000000 000000000 043a2a323 00c8c4c62 000000000 0
000000000 000000000 043e2a343 048a0c881 000000000 0
000000000 000000000 045a4a543 000000000 000000000 0
000000000 000000000 02140012e 00e6e2e02 000000000 0
000000000 000000000 02180016e 04aa0ca81 000000000 0
000000000 000000000 021c001ae 010703002 000000000 0
000000000 000000000 02380036e 012723202 000000000 0
000000000 000000000 023c003ae 04ca0cc81 000000000 0
000000000 000000000 0240003ee 014743402 000000000 0
000000000 000000000 025c005ae 016763602 000000000 0
000000000 000000000 020c0014d 00e8e4e62 000000000 0
000000000 000000000 020e0018d 000000000 000000000 0
000000000 000000000 0210001cd 010905062 000000000 0
000000000 000000000 022c0038d 012925262 000000000 0
000000000 000000000 022e003cd 000000000 000000000 0
000000000 000000000 02300040d 014945462 000000000 0
000000000 000000000 024c005cd 000000000 000000000 0
000000000 000000000 045e4a563 04ea0ce81 000000000 0
000000000 000000000 04624a583 000000000 000000000 0
000000000 000000000 047e6a783 050a0d081 000000000 0
000000000 000000000 04826a7a3 052a0d281 000000000 0
000000000 000000000 04866a7c3 000000000 000000000 0
000000000 000000000 04a28a9c3 054a0d481 000000000 0
000000000 000000000 04a68a9e3 00120e0cb 000000000 0
000000000 000000000 0260005ee 000000000 000000000 0
000000000 000000000 02640062e 000000000 000000000 0
000000000 000000000 0280007ee 00322e2cb 000000000 0
000000000 000000000 02840082e 000000000 000000000 0
000000000 000000000 02880086e 000000000 000000000 0
000000000 000000000 02a400a2e 000000000 000000000 0
000000000 000000000 02a800a6e 00141012b 000000000 0
000000000 000000000 024e0060d 000000000 000000000 0
000000000 000000000 02500064d 000000000 000000000 0
000000000 000000000 026c0080d 00343032b 000000000 0
000000000 000000000 026e0084d 000000000 000000000 0
000000000 000000000 02700088d 000000000 000000000 0
000000000 000000000 028c00a4d 000000000 000000000 0
000000000 000000000 028e00a8d 04160c14f 000000000 0
000000000 000000000 04aa8aa03 000000000 000000000 0
000000000 000000000 04c6aac03 000000000 000000000 0
000000000 000000000 04caaac23 04360c34f 000000000 0
000000000 000000000 04ceaac43 000000000 000000000 0
000000000 000000000 04eacae43 000000000 000000000 0
000000000 000000000 04eecae63 00524e4cb 000000000 0
000000000 000000000 04f2cae83 041808162 000000000 0
000000000 000000000 02ac00aae 000000000 000000000 0
000000000 000000000 02c800c6e 00726e6cb 000000000 0
000000000 000000000 02cc00cae 043808362 000000000 0
000000000 000000000 02d000cee 000000000 000000000 0
000000000 000000000 02ec00eae 00928e8cb 000000000 0
000000000 000000000 02f000eee 00545052b 000000000 0
000000000 000000000 02f400f2e 000000000 001a18002 0
000000000 000000000 029000acd 000000000 000000000 0
000000000 000000000 02ac00c8d 00747072b 000000000 0
000000000 000000000 02ae00ccd 000000000 003a38002 0
000000000 000000000 02b000d0d 000000000 000000000 0
000000000 000000000 02cc00ecd 000000000 000000000 0
000000000 000000000 02ce00f0d 04560c54f 000000000 0
000000000 000000000 02d000f4d 000000000 000000000 0
000000000 000000000 050eeb083 000000000 000000000 0
000000000 000000000 0512eb0a3 04760c74f 000000000 0
000000000 000000000 0516eb0c3 000000000 000000000 0
000000000 000000000 05330b2c3 000000000 000000000 0
000000000 000000000 05370b2e3 000000000 000000000 0
000000000 000000000 053b0b303 045808562 000000000 0
000000000 000000000 0364019cb 00949092b 000000000 0
000000000 000000000 0310010ee 000000000 000000000 0
000000000 000000000 03140112e 047808762 000000000 0
000000000 000000000 03180116e 00b2aeacb 000000000 0
000000000 000000000 03340132e 00d2ceccb 000000000 0
000000000 000000000 03380136e 000000000 000000000 0
000000000 000000000 033c013ae 041c0a1b1 005a58002 0
000000000 000000000 05572b503 04960c94f 000000000 0
000000000 000000000 02ec0110d 043c0a3b1 000000000 0
000000000 000000000 02ee0114d 000000000 007a78002 0
000000000 000000000 02f00118d 00b4b0b2b 000000000 0
000000000 000000000 030c0134d 00d4d0d2b 000000000 0
000000000 000000000 030e0138d 016965662 000000000 0
000000000 000000000 0310013cd 000000000 001e1c003 0
000000000 000000000 03580156e 049808962 000000000 0
000000000 000000000 055b2b523 000000000 003e3c003 0
000000000 000000000 055f2b543 000000000 000000000 0
000000000 000000000 057b4b743 000000000 000000000 0
000000000 000000000 057f4b763 04b60cb4f 000000000 0
000000000 000000000 05834b783 04d60cd4f 000000000 0
000000000 000000000 038001bcb 056a0d681 000000000 0
000000000 000000000 032c0158d 000000000 009a98002 0
000000000 000000000 035c015ae 00f2eeecb 000000000 0
000000000 000000000 0360015ee 000000000 000000000 0
000000000 000000000 037c017ae 01130f0cb 000000000 0
000000000 000000000 0380017ee 045c0a5b1 000000000 0
000000000 000000000 03840182e 04b808b62 000000000 0
000000000 000000000 059f6b983 04d808d62 000000000 0
000000000 000000000 038401c0b 047c0a7b1 000000000 0
000000000 000000000 032e015cd 00f4f0f2b 000000000 0
000000000 000000000 03300160d 000000000 000000000 0
000000000 000000000 034c017cd 01151112b 000000000 0
000000000 000000000 041e1e121 000000000 005e5c003 0
000000000 000000000 04241e161 000000000 00bab8002 0
000000000 000000000 042a1e1a1 000000000 00dad8002 0
000000000 000000000 04423e361 000000000 007e7c003 0
000000000 000000000 04483e3a1 04f60cf4f 000000000 0
000000000 000000000 044e3e3e1 000000000 000000000 0
000000000 000000000 034e0180d 05160d14f 000000000 0
000000000 000000000 0020001e1 000000000 000000000 0
000000000 000000000 002604241 049c0a9b1 000000000 0
000000000 000000000 000000000 01332f2cb 000000000 0
000000000 000000000 002c082a1 000000000 000000000 0
000000000 000000000 004400421 04f808f62 000000000 0
000000000 000000000 004a04481 000000000 000000000 0
000000000 000000000 0050084e1 051809162 000000000 0
000000000 000000000 002202202 000000000 000000000 0
000000000 000000000 03500184d 000000000 009e9c003 0
000000000 000000000 002806262 01353132b 000000000 0
000000000 000000000 000000000 000000000 000000000 0
000000000 000000000 002e0a2c2 01534f4cb 00faf8002 0
000000000 000000000 004602442 000000000 000000000 0
000000000 000000000 004c064a2 04bc0abb1 011b18002 0
000000000 000000047 046c5e5e1 04dc0adb1 000000000 0
000000000 000000000 00520a502 000000000 000000000 0
000000000 000000000 04665e5a1 05360d34f 000000000 0
000000000 000001053 04725e621 000000000 000000000 0
00002d3c3 00000205f 04907e821 000000000 000000000 0
00002f3cb 00000308f 05a36b9a3 000000000 000000000 0
00002e3c7 00000409b 048a7e7e1 01555152b 00bebc003 0
000000000 000000000 006e046c1 000000000 00dedc003 0
000031027 0000050a7 038201beb 000000000 000000000 0
000030023 000000000 006800661 053809362 000000000 0
00003202b 000000000 007408721 000000000 000000000 0
000000000 000000000 009204901 000000000 000000000 0
000000000 000000000 04967e861 000000000 000000000 0
000000000 000000000 008c008a1 05560d54f 000000000 0
000000000 000000000 04ae9ea21 000000000 000000000 0
000000000 000000000 0070066e2 000000000 000000000 0
000000000 000000000 03a001e0b 04fc0afb1 013b38002 0
000000000 000000000 006a02682 000000000 000000000 0
000000000 000000000 00760a742 051c0b1b1 000000000 0
000000000 000000000 009406922 000000000 000000000 0
000000000 000000000 008e028c2 055809562 000000000 0
000000000 000000000 009808961 018783802 000000000 0
000000000 000000000 00b000ae1 000000000 000000000 0
000000000 0000070e3 04b49ea61 000000000 00fefc003 0
000000000 0000060d7 03a0019ee 000000000 000000000 0
00003306b 0000080ef 04ba9eaa1 000000000 011f1c003 0
00003406f 00000a12b 04d2bec61 000000000 000000000 0
000035073 00000911f 04d8beca1 000000000 015b58002 0
000000000 000000000 009a0a982 018985862 000000000 0
000000000 000000000 00b202b02 000000000 000000000 0
000000000 000000000 00b604b41 000000000 000000000 0
000000000 000000000 036c01a0d 000000000 000000000 0
000000000 000000000 00bc08ba1 000000000 000000000 0
000000000 000000000 00d400d21 000000000 000000000 0
000000000 000000000 00da04d81 000000000 000000000 0
0000360b3 00000b137 04debece1 053c0b3b1 000000000 0
0000370b7 00000c167 04fcdeee1 058a0d881 000000000 0
000000000 000000000 04f6deea1 000000000 000000000 0
0000380bb 000000000 00b806b62 000000000 000000000 0
000000000 000000000 03a201e2b 000000000 000000000 0
000000000 000000000 00be0abc2 000000000 000000000 0
000000000 000000000 00d602d42 000000000 000000000 0
000000000 000000000 00dc06da2 000000000 013f3c003 0
000000000 000000000 00e008de1 000000000 000000000 0
000000000 000000000 00f800f61 000000000 000000000 0
000000000 000000000 00fe04fc1 000000000 000000000 0
000000000 00000d173 03c20012b 055c0b5b1 000000000 0
0000390fb 00000e17f 0502def21 000000000 000000000 0
00003a0ff 00000f1af 0520ff121 000000000 000000000 0
00003b103 0000101bb 051aff0e1 000000000 000000000 0
000000000 000000000 00e20ae02 000000000 000000000 0
000000000 000000000 00fa02f82 01a7a3a02 000000000 0
000000000 000000000 0526ff161 000000000 000000000 0
000000000 000000000 010006fe2 000000000 015f5c003 0
000000000 000000000 03a401e4b 000000000 000000000 0
000000000 000000000 010409021 000000000 000000000 0
000000000 000000000 011c011a1 000000000 000000000 0
00003c143 0000111c7 012205201 000000000 000000000 0
00003d147 0000121f7 05451f361 000000000 000000000 0
000000000 000000000 012809261 000000000 000000000 0
000000000 000000000 053f1f321 000000000 000000000 0
00003e14b 000013203 054b1f3a1 000000000 000000000 0
000000000 000000000 01060b042 000000000 000000000 0
000000000 000000000 011e031c2 000000000 000000000 0
000000000 000000000 012407222 000000000 000000000 0
000000000 000000000 014605441 000000000 000000000 0
000000000 000000000 03c00010b 01a9a5a62 000000000 0
000000000 000000000 012a0b282 000000000 000000000 0
000000000 000000000 0140013e1 000000000 000000000 0
00003f18b 00001420f 014c094a1 000000000 000000000 0
000041193 00001523f 05693f5a1 000000000 000000000 0
00004018f 00001624b 05633f561 000000000 000000000 0
000000000 000000000 056f3f5e1 000000000 000000000 0
000000000 000000000 014807462 05aa0da81 000000000 0
0000431d7 000017257 03c40014b 000000000 000000000 0
0000421d3 000000000 014203402 000000000 000000000 0
0000441db 000000000 014e0b4c2 000000000 000000000 0
000000000 000000000 016a05681 000000000 000000000 0
000000000 000000000 016401621 01c7c3c02 000000000 0
000000000 000000000 0170096e1 000000000 000000000 0
000000000 000000000 05875f7a1 000000000 000000000 0
000000000 000019293 058d5f7e1 000000000 000000000 0
000000000 000018287 05a76b9c3 000000000 000000000 0
00004521b 00001a29f 05935f821 000000000 000000000 0
000047223 000000000 016c076a2 000000000 000000000 0
00004621f 000000000 016603642 000000000 000000000 0
000000000 000000000 01720b702 01c9c5c62 000000000 0
000000000 000000000 018801861 000000000 000000000 0
000000000 000000000 018e058c1 000000000 000000000 0
000000000 000000000 03e20036b 000000000 000000000 0
000000000 000000000 019409921 000000000 000000000 0
000000000 00001c2db 03a401a2e 000000000 000000000 0
000000000 00001b2cf 05c38bbc3 000000000 000000000 0
000048263 00001d2e7 03a801a6e 05ca0dc81 000000000 0
000049267 000000000 018a03882 000000000 000000000 0
000000000 000000000 05c78bbe3 000000000 000000000 0
00004a26b 000000000 0190078e2 000000000 000000000 0
000000000 000000000 03e00034b 000000000 000000000 0
000000000 000000000 01960b942 000000000 000000000 0
000000000 000000000 036e01a4d 000000000 000000000 0
000000000 000000000 037001a8d 000000000 000000000 0
000000000 00001e317 05cb8bc03 000000000 000000000 0
000000000 000000000 03c401c2e 000000000 000000000 0
000000000 000000000 03c801c6e 000000000 000000000 0
000000000 00001f323 05ebabe23 000000000 000000000 0
00004b2ab 00002032f 05e7abe03 000000000 000000000 0
00004c2af 000000000 05efabe43 000000000 000000000 0
000000000 000000000 0417ca103 000000000 000000000 0
00004d2b3 000000000 03cc01cae 000000000 000000000 0
000000000 000000000 038c01c4d 01e7e3e02 000000000 0
000000000 000000000 038e01c8d 000000000 000000000 0
000000000 000000000 03ec01eae 01736f6cb 000000000 0
000000000 000000000 03e801e6e 000000000 000000000 0
000000000 000000000 03f001eee 000000000 000000000 0
000000000 000000000 02180016e 000000000 000000000 0
000000000 000000000 039001ccd 000000000 000000000 0
000000000 000000000 041bca123 000000000 000000000 0
000000000 000000000 041fca143 000000000 000000000 0
000000000 000000000 03ae01ecd 01757172b 000000000 0
000000000 000000000 03ac01e8d 000000000 000000000 0
000000000 000000000 03b001f0d 000000000 000000000 0
000000000 000000000 03cc0018d 000000000 000000000 0
000000000 000000000 03e40038b 01938f8cb 000000000 0
000000000 000000000 021c001ae 000000000 000000000 0
000000000 000000000 0220001ee 000000000 000000000 0
000000000 000000000 02000058b 05760d74f 000000000 0
000000000 000000000 0202005ab 000000000 000000000 0
000000000 000000000 0204005cb 000000000 000000000 0
000000000 000000000 0220007cb 000000000 000000000 0
000000000 000000000 0222007eb 01959192b 000000000 0
000000000 000000000 03ce001cd 000000000 000000000 0
000000000 000000000 03d00020d 000000000 000000000 0
000000000 000000000 02240080b 057809762 000000000 0
000000000 000000000 024000a0b 01b3afacb 000000000 0
000000000 000000000 024200a2b 01e9e5e62 000000000 0
000000000 000000000 024400a4b 000000000 000000000 0
000000000 000000000 026000c4b 05960d94f 000000000 0
000000000 000000000 026200c6b 000000000 000000000 0
000000000 000000000 026400c8b 000602002 000000000 0
000000000 000000000 028000e8b 000000000 017b78002 0
000000000 000000000 028200eab 000000000 000000000 0
000000000 000000000 028400ecb 01b5b1b2b 000000000 0
000000000 000000000 02a0010cb 002622202 000000000 0
000000000 000000000 02a2010eb 059809962 000000000 0
000000000 000000000 02a40110b 01d3cfccb 000000000 0
000000000 000000000 02c00130b 000804062 000000000 0
000000000 000000000 02c40134b 05ea0de81 000000000 0
000000000 000000000 02c20132b 004642402 000000000 0
000000000 000000000 02e00154b 05b60db4f 000000000 0
000000000 000000000 02e20156b 002824262 000000000 0
000000000 000000000 02e40158b 000000000 019b98002 0
000000000 000000000 000000000 006662602 000000000 0
000000000 000000000 000000000 01d5d1d2b 000000000 0
000000000 000000000 043bea343 040a0c081 000000000 0
000000000 000000000 043fea363 004844462 000000000 0
000000000 000000000 0443ea383 05b809b62 000000000 0
000000000 000000000 000000000 042a0c281 000000000 0
000000000 000000000 000000000 008682802 000000000 0
000000000 000000000 000000000 057c0b7b1 000000000 0
000000000 000000000 000000000 05d60dd4f 000000000 0
000000000 000000000 023c003ae 006864662 000000000 0
000000000 000000000 0240003ee 044a0c481 000000000 0
000000000 000000000 02440042e 000000000 01bbb8002 0
000000000 000000000 045e0a583 000000000 000000000 0
000000000 000000000 04620a5a3 008884862 000000000 0
000000000 000000000 04660a5c3 000000000 017f7c003 0
000000000 000000000 04822a7c3 05d809d62 000000000 0
000000000 000000000 03ec003cd 046a0c681 000000000 0
000000000 000000000 03ee0040d 00a6a2a02 000000000 0
000000000 000000000 03f00044d 059c0b9b1 000000000 0
000000000 000000000 0260005ee 00c6c2c02 000000000 0
000000000 000000000 02640062e 048a0c881 000000000 0
000000000 000000000 02680066e 00e6e2e02 000000000 0
000000000 000000000 02840082e 000000000 01dbd8002 0
000000000 000000000 04862a7e3 000000000 000000000 0
000000000 000000000 048a2a803 00a8a4a62 000000000 0
000000000 000000000 04a64aa03 000000000 019f9c003 0
000000000 000000000 020c0060d 00c8c4c62 000000000 0
000000000 000000000 020e0064d 000000000 000000000 0
000000000 000000000 02100068d 00e8e4e62 000000000 0
000000000 000000000 022c0084d 01f3efecb 000000000 0
000000000 000000000 02880086e 05bc0bbb1 000000000 0
000000000 000000000 028c008ae 04aa0ca81 000000000 0
000000000 000000000 02a800a6e 000000000 000000000 0
000000000 000000000 05ab7f9e1 04ca0cc81 000000000 0
000000000 000000000 05b17fa21 000000000 000000000 0
000000000 000000000 05b77fa61 04ea0ce81 000000000 0
000000000 000000000 000000000 01f5f1f2b 000000000 0
000000000 000000000 022e0088d 000000000 01bfbc003 0
000000000 000000000 0230008cd 000000000 000000000 0
000000000 000000000 024c00a8d 00120e0cb 000000000 0
000000000 000000000 01ac01aa1 000000000 000000000 0
000000000 000000000 01b205b01 05dc0bdb1 000000000 0
000000000 000000000 01b809b61 000000000 000000000 0
000000000 000000000 04aa4aa23 05f60df4f 000000000 0
000000000 000000000 05cf9fc21 000000000 000000000 0
000000000 000000000 05d59fc61 000000000 000000000 0
000000000 000000000 05db9fca1 00141012b 000000000 0
000000000 000000000 01ae03ac2 000000000 000000000 0
000000000 000000000 01b407b22 000000000 01dfdc003 0
000000000 000000000 01ba0bb82 00322e2cb 000000000 0
000000000 000000000 02ac00aae 05f809f62 000000000 0
000000000 000000000 01d001ce1 000000000 000000000 0
000000000 000000000 01d605d41 000000000 000000000 0
000000000 000000000 000000000 04160c14f 000000000 0
000000000 00002135f 01dc09da1 000000000 000000000 0
000000000 00002236b 04ce6ac63 000000000 000000000 0
00004e2f3 000023377 05f3bfe61 00343032b 000000000 0
00004f2f7 000000000 05f9bfea1 000000000 01fbf8002 0
000000000 000000000 01d203d02 000000000 000000000 0
0000502fb 000000000 05ffbfee1 000000000 000000000 0
000000000 000000000 01d807d62 041808162 000000000 0
000000000 000000000 024e00acd 000000000 000000000 0
000000000 000000000 01de0bdc2 000000000 000000000 0
000000000 000000000 01f401f21 04360c34f 000000000 0
000000000 000000000 01fa05f81 000000000 000000000 0
000000000 0000243a7 04ae4aa43 000000000 000000000 0
000000000 000000000 000c09fe1 000000000 000000000 0
000000000 000000000 0423de161 000000000 001a18002 0
000000000 0000253b3 0429de1a1 000000000 000000000 0
00005133b 0000263bf 04ca6ac43 000000000 000000000 0
00005233f 000000000 01f603f42 043808362 000000000 0
000053343 000000000 01fc07fa2 000000000 000000000 0
000000000 000000000 042fde1e1 000000000 000000000 0
000000000 000000000 000e0a0c2 00524e4cb 000000000 0
000000000 000000000 002400221 000000000 000000000 0
000000000 000000000 002a04281 000000000 000000000 0
000000000 000000000 02b000aee 05fc0bfb1 000000000 0
000000000 0000273ef 02cc00cae 000000000 003a38002 0
000000000 0000283fb 02d000cee 000000000 000000000 0
000000000 000000000 0030082e1 000000000 000000000 0
000055387 00002901f 04d26ac83 000000000 000000000 0
000054383 000000000 002602242 000000000 000000000 0
00005638b 000000000 002c062a2 000000000 000000000 0
000000000 000000000 025000b0d 000000000 01fffc003 0
000000000 000000000 026c00ccd 000000000 000000000 0
000000000 000000000 026e00d0d 000000000 000000000 0
000000000 000000000 00320a302 041c0a1b1 000000000 0
000000000 000000000 02d400d2e 000000000 000000000 0
000000000 00002a04f 04ee8ae83 000000000 000000000 0
000000000 00002b05b 04f28aea3 000000000 000000000 0
000000000 000000000 04f68aec3 000000000 000000000 0
000000000 000000000 0512ab0c3 000000000 000000000 0
000000000 000000000 0516ab0e3 000000000 000000000 0
0000573cb 00002c067 051aab103 000000000 001e1c003 0
0000593d3 000000000 027000d4d 000000000 000000000 0
0000583cf 000000000 02f000eee 00545052b 000000000 0
000000000 000000000 02f400f2e 043c0a3b1 000000000 0
000000000 000000000 02f800f6e 00726e6cb 000000000 0
000000000 000000000 03140112e 000000000 000000000 0
000000000 000000000 03180116e 000000000 000000000 0
000000000 000000000 031c011ae 000000000 000000000 0
000000000 000000000 0536cb303 000000000 000000000 0
000000000 000000000 0447fe3a1 04560c54f 000000000 0
000000000 000000000 044dfe3e1 000000000 003e3c003 0
000000000 000000000 0453fe421 000000000 000000000 0
000000000 000000000 028c00f0d 000000000 000000000 0
000000000 000000000 028e00f4d 00747072b 000000000 0
000000000 000000000 029000f8d 000000000 000000000 0
000000000 000000000 02ac0114d 000000000 000000000 0
000000000 000000000 004800461 045808562 000000000 0
000000000 000000000 004e044c1 000000000 000000000 0
000000000 000000000 02ae0118d 000000000 000000000 0
000000000 000000000 005408521 000000000 000000000 0
000000000 000000000 046a1e5e1 04760c74f 000000000 0
000000000 000000000 04701e621 000000000 000000000 0
000000000 000000000 04761e661 000000000 000000000 0
000000000 000000000 004a02482 000000000 005a58002 0
000000000 000000000 02b0011cd 000000000 000000000 0
000000000 000000000 0050064e2 00928e8cb 000000000 0
000000000 000000000 03000178b 000000000 000000000 0
000000000 000000000 00560a542 047808762 000000000 0
000000000 000000000 006c006a1 000000000 000000000 0
000000000 000000000 007204701 000000000 000000000 0
000000000 00002d097 007808761 00b2aeacb 000000000 0
000000000 000000000 048e3e821 000000000 000000000 0
000000000 000000000 04943e861 00949092b 000000000 0
000000000 00002e0a3 049a3e8a1 000000000 000000000 0
00005a02b 00002f0af 053acb323 000000000 007a78002 0
00005c033 000000000 006e026c2 000000000 000000000 0
00005b02f 000000000 007406722 000000000 000000000 0
000000000 000000000 007a0a782 00b4b0b2b 000000000 0
000000000 000000000 0090008e1 000000000 000000000 0
000000000 000000000 009604941 04960c94f 000000000 0
000000000 000000000 0302017ab 000000000 000000000 0
000000000 000000000 009c089a1 000000000 000000000 0
000000000 0000300df 033c013ae 045c0a5b1 000000000 0
000000000 0000310eb 03380136e 000000000 000000000 0
00005d073 0000320f7 053ecb343 04b60cb4f 000000000 0
00005e077 000000000 009202902 000000000 000000000 0
000000000 000000000 055aeb543 049808962 000000000 0
00005f07b 000000000 009806962 000000000 000000000 0
000000000 000000000 0304017cb 000000000 000000000 0
000000000 000000000 009e0a9c2 000000000 005e5c003 0
000000000 000000000 02cc0138d 000000000 000000000 0
000000000 000000000 02ce013cd 04b808b62 000000000 0
000000000 000033127 0340013ee 010703002 000000000 0
000000000 000000000 035c015ae 000000000 009a98002 0
000000000 000000000 0320019cb 047c0a7b1 000000000 0
000000000 000034133 055eeb563 000000000 000000000 0
0000600bb 00003513f 0562eb583 000000000 000000000 0
0000610bf 000000000 0322019eb 000000000 000000000 0
0000620c3 000000000 032401a0b 000000000 00bab8002 0
000000000 000000000 02d00140d 000000000 000000000 0
000000000 000000000 02ec015cd 010905062 000000000 0
000000000 000000000 034001c0b 000000000 007e7c003 0
000000000 000000000 0360015ee 000000000 000000000 0
000000000 000000000 03640162e 00d2ceccb 000000000 0
000000000 000000000 034201c2b 000000000 000000000 0
000000000 000000000 034401c4b 000000000 000000000 0
000000000 000000000 036001e4b 000000000 000000000 0
000000000 000000000 036201e6b 050a0d081 000000000 0
000000000 000000000 04b25ea61 000000000 000000000 0
000000000 000000000 04b85eaa1 012723202 000000000 0
000000000 000000000 04be5eae1 000000000 000000000 0
000000000 000000000 02ee0160d 00d4d0d2b 000000000 0
000000000 000000000 02f00164d 049c0a9b1 000000000 0
000000000 000000000 036401e8b 000000000 000000000 0
000000000 000000000 057f0b783 000000000 000000000 0
000000000 000000000 00b400b21 000000000 000000000 0
000000000 000000000 00ba04b81 012925262 000000000 0
000000000 000000000 00c008be1 04bc0abb1 000000000 0
000000000 000000000 05830b7a3 04d60cd4f 000000000 0
000000000 000000000 05870b7c3 000000000 009e9c003 0
000000000 000000000 04d67eca1 014743402 000000000 0
000000000 000000000 04dc7ece1 016763602 000000000 0
000000000 000000000 00b602b42 000000000 000000000 0
000000000 000000000 00bc06ba2 00f2eeecb 000000000 0
000000000 000000000 00c20ac02 052a0d281 00bebc003 0
000000000 000000000 04e27ed21 000000000 000000000 0
000000000 000000000 0380017ee 04d808d62 000000000 0
000000000 000000000 00d800d61 014945462 000000000 0
000000000 000000000 00de04dc1 016965662 000000000 0
000000000 00003616f 03840018b 000000000 000000000 0
000000000 00003717b 03840182e 00f4f0f2b 000000000 0
000064107 000038187 03880186e 000000000 000000000 0
000063103 000000000 00e408e21 000000000 000000000 0
00006510b 000000000 030c0180d 000000000 00dad8002 0
000000000 000000000 00da02d82 054a0d481 000000000 0
000000000 000000000 05a32b9c3 056a0d681 000000000 0
000000000 000000000 00e006de2 000000000 000000000 0
000000000 000000000 030e0184d 04f60cf4f 000000000 0
000000000 000000000 04fa9eee1 000000000 000000000 0
000000000 000000000 00e60ae42 000000000 000000000 0
000000000 000000000 05009ef21 000000000 000000000 0
000000000 0000391b7 05069ef61 000000000 000000000 0
000000000 000000000 03100188d 000000000 000000000 0
000000000 000000000 051ebf121 000000000 000000000 0
000000000 00003a1c3 0524bf161 000000000 000000000 0
000000000 000000000 00fc00fa1 04f808f62 000000000 0
00006614b 00003b1cf 052abf1a1 000000000 000000000 0
000068153 000000000 010205001 000000000 000000000 0
00006714f 000000000 010809061 000000000 000000000 0
000000000 000000000 03a401a2e 01130f0cb 000000000 0
000000000 000000000 0120011e1 000000000 000000000 0
000000000 000000000 012605241 000000000 000000000 0
000000000 000000000 03820016b 04dc0adb1 00faf8002 0
000000000 000000000 00fe02fc2 000000000 000000000 0
000000000 000000000 010407022 000000000 000000000 0
000000000 000000000 010a0b082 000000000 000000000 0
000000000 000000000 012c092a1 01151112b 000000000 0
000000000 000000000 012203202 000000000 000000000 0
000000000 000000000 032c01a4d 000000000 000000000 0
000000000 000000000 012807262 000000000 00dedc003 0
000000000 000000000 03800014b 000000000 000000000 0
000000000 00003c1ff 05ab2ba03 000000000 000000000 0
000000000 00003d20b 05a72b9e3 000000000 000000000 0
000069193 00003e217 05c74bc03 05160d14f 000000000 0
00006a197 00003f247 05cf4bc43 000000000 000000000 0
00006b19b 000000000 012e0b2c2 000000000 000000000 0
000000000 000000000 05cb4bc23 000000000 000000000 0
000000000 000040253 05eb6be43 000000000 000000000 0
000000000 000000000 03ac01aae 000000000 000000000 0
000000000 000000000 03a801a6e 000000000 000000000 0
000000000 000000000 03c801c6e 051809162 000000000 0
000000000 000000000 03d001cee 04fc0afb1 000000000 0
00006d1df 00004125f 05f36be83 000000000 000000000 0
00006c1db 000000000 03cc01cae 018783802 000000000 0
000000000 000000000 03ec01eae 000000000 000000000 0
000000000 000000000 033001acd 000000000 000000000 0
00006e1e3 000000000 032e01a8d 000000000 000000000 0
000000000 000000000 034c01c8d 000000000 011b18002 0
000000000 000000000 0542df361 000000000 00fefc003 0
000000000 000000000 0548df3a1 000000000 000000000 0
000000000 000000000 054edf3e1 000000000 000000000 0
000000000 000000000 034e01ccd 018985862 000000000 0
000000000 000000000 035001d0d 000000000 000000000 0
000000000 000000000 036c01ecd 000000000 000000000 0
000000000 000000000 05ef6be63 000000000 000000000 0
000000000 000000000 014401421 000000000 000000000 0
000000000 000000000 014a05481 000000000 000000000 0
000000000 000000000 0150094e1 000000000 000000000 0
000000000 000000000 03f401f2e 01332f2cb 000000000 0
000000000 000000000 03a00038b 000000000 000000000 0
000000000 000000000 03a2003ab 058a0d881 000000000 0
000000000 000000000 03f001eee 000000000 000000000 0
000000000 000000000 014603442 000000000 000000000 0
000000000 000000000 014c074a2 01534f4cb 000000000 0
000000000 000000000 01520b502 000000000 000000000 0
000000000 000000000 037001f4d 01353132b 000000000 0
000000000 000000000 03a4003cb 051c0b1b1 000000000 0
000000000 000000000 0566ff5a1 000000000 000000000 0
000000000 000000000 056cff5e1 000000000 000000000 0
000000000 00004228f 0572ff621 000000000 000000000 0
000000000 00004329b 036e01f0d 01555152b 000000000 0
00006f223 0000442a7 041b8a143 000000000 000000000 0
000070227 000000000 041f8a163 05360d34f 000000000 0
00007122b 000000000 04238a183 000000000 011f1c003 0
000000000 000000000 016801661 01a7a3a02 000000000 0
000000000 000000000 016e056c1 000000000 000000000 0
000000000 000000000 03c2005eb 000000000 000000000 0
000000000 000000000 017409721 05560d54f 000000000 0
000000000 000000000 021c001ae 000000000 000000000 0
000000000 000000000 0220001ee 053809362 000000000 0
000000000 000000000 02240022e 000000000 000000000 0
000000000 000000000 016a03682 01a9a5a62 000000000 0
000000000 000000000 03c0005cb 01736f6cb 000000000 0
000000000 000000000 0170076e2 000000000 000000000 0
000000000 000000000 03c40060b 055809562 000000000 0
000000000 000000000 01760b742 000000000 000000000 0
000000000 000000000 038c001cd 000000000 013b38002 0
000000000 000000000 038e0020d 000000000 000000000 0
000000000 0000452d7 03900024d 05aa0da81 000000000 0
000000000 000000000 03e00080b 000000000 000000000 0
000000000 000000000 03e20082b 01757172b 000000000 0
000000000 0000462e3 03e40084b 000000000 015b58002 0
00007226b 0000472ef 05911f821 000000000 000000000 0
00007326f 000000000 058b1f7e1 000000000 000000000 0
000074273 000000000 05971f861 01c7c3c02 000000000 0
000000000 000000000 043faa383 000000000 000000000 0
000000000 000000000 0443aa3a3 000000000 000000000 0
000000000 000000000 0447aa3c3 05760d74f 000000000 0
000000000 000000000 020000a4b 000000000 000000000 0
000000000 000000000 019205901 01938f8cb 000000000 0
000000000 000000000 018c018a1 000000000 000000000 0
000000000 000000000 019809961 01c9c5c62 000000000 0
000000000 000000000 0240003ee 01e7e3e02 000000000 0
000000000 000000000 02440042e 000000000 000000000 0
000000000 000000000 02480046e 057809762 000000000 0
000000000 000000000 020200a6b 053c0b3b1 000000000 0
000000000 000000000 019407922 01959192b 000000000 0
000000000 000000000 018e038c2 000000000 000000000 0
000000000 000000000 019a0b982 05ca0dc81 000000000 0
000000000 000000000 03ac0040d 01e9e5e62 000000000 0
000000000 000000000 03ae0044d 055c0b5b1 000000000 0
000000000 000000000 03b00048d 000000000 017b78002 0
000000000 000000000 020400a8b 000000000 013f3c003 0
000000000 00004932b 022000c8b 05960d94f 000000000 0
000000000 00004831f 022200cab 000000000 000000000 0
0000752b3 00004a337 0463ca5c3 000000000 000000000 0
0000762b7 000000000 0467ca5e3 05ea0de81 000000000 0
0000772bb 000000000 046bca603 000000000 015f5c003 0
000000000 000000000 022400ccb 000602002 000000000 0
000000000 000000000 024000ecb 000000000 000000000 0
000000000 000000000 024200eeb 059809962 000000000 0
000000000 000000000 024400f0b 000000000 000000000 0
000000000 000000000 02640062e 01b3afacb 000000000 0
000000000 000000000 02680066e 000000000 000000000 0
000000000 000000000 026c006ae 000000000 000000000 0
000000000 000000000 0487ea803 000804062 000000000 0
000000000 000000000 048bea823 000000000 000000000 0
000000000 000000000 048fea843 000000000 019b98002 0
000000000 000000000 02600110b 002622202 000000000 0
000000000 000000000 03cc0064d 01b5b1b2b 000000000 0
000000000 000000000 03ce0068d 057c0b7b1 000000000 0
000000000 000000000 05af3fa21 000000000 000000000 0
000000000 000000000 05b53fa61 040a0c081 000000000 0
000000000 000000000 05bb3faa1 004642402 000000000 0
000000000 000000000 03d0006cd 000000000 000000000 0
000000000 000000000 02880086e 002824262 000000000 0
000000000 000000000 05d35fc61 05b60db4f 000000000 0
000000000 000000000 05d95fca1 000000000 017f7c003 0
000000000 000000000 01b001ae1 000000000 000000000 0
000000000 000000000 01b605b41 000000000 000000000 0
000000000 000000000 02620112b 004844462 000000000 0
000000000 000000000 01bc09ba1 000000000 000000000 0
000000000 000000000 05df5fce1 042a0c281 000000000 0
000000000 000000000 01d401d21 05b809b62 000000000 0
000000000 000000000 01da05d81 01d3cfccb 000000000 0
000000000 000000000 01b203b02 000000000 000000000 0
000000000 000000000 03ec0088d 059c0b9b1 000000000 0
000000000 000000000 01b807b62 044a0c481 000000000 0
000000000 000000000 02640114b 000000000 000000000 0
000000000 000000000 01be0bbc2 000000000 000000000 0
000000000 000000000 01d603d42 000000000 01bbb8002 0
000000000 000000000 01dc07da2 000000000 000000000 0
000000000 00004b367 01e009de1 01d5d1d2b 000000000 0
000000000 000000000 028c008ae 006662602 019f9c003 0
000000000 000000000 0290008ee 000000000 000000000 0
000000000 00004c373 04aa0aa43 000000000 000000000 0
0000782fb 00004d37f 05f77fea1 000000000 000000000 0
0000792ff 00004e3af 040f7ff21 000000000 000000000 0
000000000 00004f3bb 05fd7fee1 000000000 000000000 0
00007a303 000000000 01e20be02 05d60dd4f 000000000 0
000000000 000000000 04ae0aa63 006864662 000000000 0
000000000 000000000 03ee008cd 000000000 000000000 0
000000000 000000000 03f00090d 000000000 000000000 0
000000000 000000000 01f801f61 000000000 000000000 0
000000000 000000000 0010080e1 000000000 000000000 0
000000000 000000000 01fe05fc1 000000000 000000000 0
00007b343 0000503c7 02820136b 05d809d62 000000000 0
00007c347 000000000 02ac00aae 046a0c681 000000000 0
00007d34b 000000000 02b000aee 000000000 000000000 0
000000000 000000000 02800134b 05bc0bbb1 000000000 0
000000000 000000000 01fa03f82 000000000 000000000 0
000000000 000000000 00120a102 000000000 000000000 0
000000000 000000000 04279e1a1 000000000 000000000 0
000000000 000000000 000c07fe2 01f3efecb 01dbd8002 0
000000000 000000000 020c00acd 000000000 000000000 0
000000000 000000000 042d9e1e1 000000000 000000000 0
000000000 000000000 04339e221 000000000 01bfbc003 0
000000000 0000513f7 020e00b0d 000000000 000000000 0
000000000 000053027 04b20aa83 000000000 000000000 0
000000000 000000000 002800261 000000000 000000000 0
000000000 000000000 02840138b 01f5f1f2b 000000000 0
00007e38b 00005201b 04ce2ac83 000000000 000000000 0
00007f38f 000000000 002e042c1 000000000 000000000 0
000000000 000000000 02a00158b 008682802 000000000 0
000080393 000000000 003408321 000000000 000000000 0
000000000 000000000 02b400b2e 000000000 000000000 0
000000000 000000000 002a02282 000000000 000000000 0
000000000 000000000 04d22aca3 05f60df4f 000000000 0
000000000 000000000 02d000cee 000000000 000000000 0
000000000 000000000 04d62acc3 00120e0cb 000000000 0
000000000 000000000 0030062e2 000000000 000000000 0
000000000 000000000 02a2015ab 000000000 000000000 0
000000000 000000000 00360a342 05dc0bdb1 000000000 0
000000000 000054057 021000b4d 008884862 000000000 0
000000000 000000000 02d400d2e 05f809f62 000000000 0
000000000 000000000 044bbe3e1 000000000 000000000 0
000000000 000000000 0451be421 000000000 000000000 0
000000000 000000000 0457be461 000000000 000000000 0
000000000 000055063 02d800d6e 000000000 000000000 0
0000813d3 00005606f 022c00d0d 000000000 01dfdc003 0
0000823d7 000000000 04f24aec3 048a0c881 000000000 0
0000833db 000000000 022e00d4d 000000000 01fbf8002 0
000000000 000000000 004c004a1 000000000 000000000 0
000000000 000000000 005204501 00a6a2a02 000000000 0
000000000 000000000 005808561 000000000 000000000 0
000000000 000000000 023000d8d 00141012b 000000000 0
000000000 000000000 04f64aee3 000000000 000000000 0
000000000 000000000 02f400f2e 000000000 000000000 0
000000000 000000000 04fa4af03 000000000 000000000 0
000000000 000000000 004e024c2 000000000 000000000 0
000000000 000000000 005406522 000000000 000000000 0
000000000 000000000 005a0a582 000000000 000000000 0
000000000 000000000 05166b103 04160c14f 000000000 0
000000000 000000000 02f800f6e 000000000 000000000 0
000000000 000000000 024c00f4d 00322e2cb 000000000 0
000000000 000000000 02fc00fae 000000000 000000000 0
000000000 00005709f 051a6b123 000000000 000000000 0
000000000 0000580ab 053e8b363 000000000 000000000 0
000084033 0000590b7 0475de661 000000000 000000000 0
000085037 000000000 046fde621 000000000 000000000 0
00008603b 000000000 047bde6a1 05fc0bfb1 000000000 0
000000000 000000000 024e00f8d 041808162 000000000 0
000000000 000000000 025000fcd 00343032b 000000000 0
000000000 000000000 03180116e 000000000 000000000 0
000000000 000000000 031c011ae 000000000 000000000 0
000000000 000000000 007604741 000000000 000000000 0
000000000 000000000 02c2017eb 000000000 000000000 0
000000000 000000000 0070006e1 000000000 01fffc003 0
000000000 000000000 007c087a1 000000000 001a18002 0
000000000 000000000 051e6b143 04360c34f 000000000 0
000000000 000000000 026c0118d 000000000 000000000 0
000000000 000000000 026e011cd 000000000 000000000 0
000000000 000000000 053a8b343 000000000 000000000 0
000000000 000000000 007806762 00524e4cb 000000000 0
000000000 000000000 02a4015cb 000000000 000000000 0
000000000 000000000 007202702 000000000 000000000 0
000000000 000000000 007e0a7c2 043808362 000000000 0
000000000 000000000 0320011ee 000000000 000000000 0
000000000 000000000 0340013ee 000000000 000000000 0
000000000 000000000 033c013ae 000000000 000000000 0
000000000 000000000 02c0017cb 00545052b 000000000 0
000000000 00005b0f3 02e201a2b 000000000 000000000 0
000000000 00005a0e7 05428b383 000000000 000000000 0
00008807f 00005c0ff 02c40180b 00726e6cb 003a38002 0
00008707b 000000000 02700120d 000000000 000000000 0
000089083 000000000 028e0140d 000000000 000000000 0
000000000 000000000 0493fe861 000000000 000000000 0
000000000 000000000 0499fe8a1 041c0a1b1 000000000 0
000000000 000000000 049ffe8e1 04560c54f 000000000 0
000000000 000000000 028c013cd 000000000 000000000 0
000000000 000000000 03440142e 00a8a4a62 000000000 0
000000000 000000000 02e001a0b 000000000 000000000 0
000000000 000000000 02e401a4b 00c6c2c02 000000000 0
000000000 000000000 009400921 000000000 000000000 0
000000000 000000000 009a04981 000000000 001e1c003 0
000000000 000000000 00a0089e1 045808562 000000000 0
000000000 000000000 030001c4b 00747072b 000000000 0
000000000 000000000 02900144d 04aa0ca81 000000000 0
000000000 000000000 030201c6b 000000000 000000000 0
000000000 000000000 030401c8b 00c8c4c62 000000000 0
000000000 000000000 009602942 000000000 000000000 0
000000000 000000000 009c069a2 00928e8cb 000000000 0
000000000 000000000 00a20aa02 043c0a3b1 005a58002 0
000000000 000000000 032001e8b 04760c74f 000000000 0
000000000 000000000 055eab583 000000000 000000000 0
000000000 000000000 0562ab5a3 000000000 000000000 0
000000000 000000000 0566ab5c3 04ca0cc81 000000000 0
000000000 00005d12f 032201eab 00e6e2e02 000000000 0
000000000 00005e13b 03400018b 000000000 000000000 0
00008a0c3 00005f147 032401ecb 00949092b 003e3c003 0
00008b0c7 000000000 0342001ab 047808762 000000000 0
00008c0cb 000000000 0360015ee 010703002 000000000 0
000000000 000000000 03640162e 000000000 000000000 0
000000000 000000000 04b61eaa1 000000000 000000000 0
000000000 000000000 04bc1eae1 000000000 000000000 0
000000000 000000000 04c21eb21 000000000 000000000 0
000000000 000000000 03680166e 04960c94f 000000000 0
000000000 000000000 0582cb7c3 00e8e4e62 007a78002 0
000000000 000000000 02ac0160d 010905062 000000000 0
000000000 000000000 02ae0164d 012723202 000000000 0
000000000 000000000 00b800b61 000000000 000000000 0
000000000 000000000 00be04bc1 045c0a5b1 000000000 0
000000000 000000000 0362003eb 014743402 000000000 0
000000000 000000000 00c408c21 049808962 000000000 0
000000000 000000000 02b00168d 04ea0ce81 000000000 0
000000000 000000000 03840182e 050a0d081 000000000 0
000000000 000000000 0586cb7e3 012925262 000000000 0
000000000 000000000 00ba02b82 000000000 000000000 0
000000000 000000000 04da3ece1 000000000 005e5c003 0
000000000 000000000 00c006be2 000000000 000000000 0
000000000 000000000 0344001cb 000000000 009a98002 0
000000000 000000000 00c60ac42 00b2aeacb 000000000 0
000000000 000000000 04e03ed21 000000000 000000000 0
000000000 000000000 04e63ed61 052a0d281 000000000 0
000000000 000060177 02cc0184d 000000000 000000000 0
000000000 000000000 00dc00da1 000000000 000000000 0
000000000 000000000 03880186e 047c0a7b1 000000000 0
000000000 000061183 05aaeba23 000000000 000000000 0
00008d10b 00006218f 0360003cb 00b4b0b2b 000000000 0
00008e10f 000000000 00e204e01 000000000 000000000 0
000000000 000000000 00e808e61 000000000 000000000 0
00008f113 000000000 058acb803 000000000 000000000 0
000000000 000000000 00de02dc2 014945462 000000000 0
000000000 000000000 02ce0188d 000000000 007e7c003 0
000000000 000000000 05a6eba03 000000000 000000000 0
000000000 000000000 03ac01aae 04b60cb4f 000000000 0
000000000 000000000 00e406e22 000000000 000000000 0
000000000 000000000 00ea0ae82 000000000 000000000 0
000000000 000000000 04fe5ef21 000000000 000000000 0
000000000 0000631bf 050a5efa1 049c0a9b1 000000000 0
000000000 000000000 05045ef61 054a0d481 000000000 0
000000000 000000000 038c018ae 016763602 000000000 0
000000000 000000000 03a801a6e 04b808b62 000000000 0
000000000 0000641cb 05cf0bc63 000000000 000000000 0
000090153 0000651d7 02ee01acd 000000000 000000000 0
000091157 000000000 010000fe1 00d2ceccb 000000000 0
00009215b 000000000 010c090a1 000000000 009e9c003 0
000000000 000000000 010605041 000000000 000000000 0
000000000 000000000 03640040b 000000000 000000000 0
000000000 000000000 02d0018cd 000000000 00bab8002 0
000000000 000000000 02ec01a8d 000000000 000000000 0
000000000 000000000 05aeeba43 000000000 000000000 0
000000000 000000000 010203002 000000000 000000000 0
000000000 000000000 010e0b0c2 000000000 000000000 0
000000000 000000000 05227f161 000000000 000000000 0
000000000 000000000 010807062 000000000 000000000 0
000000000 000000000 03800060b 000000000 000000000 0
000000000 000000000 05287f1a1 000000000 000000000 0
000000000 000000000 052e7f1e1 000000000 000000000 0
000000000 000066207 03b001aee 000000000 000000000 0
000000000 00006821f 05cb0bc43 016965662 000000000 0
000000000 000000000 012401221 00d4d0d2b 000000000 0
000000000 000000000 03d001cee 00f2eeecb 000000000 0
00009319b 000067213 05f32bea3 000000000 000000000 0
00009419f 000000000 012a05281 000000000 000000000 0
0000951a3 000000000 0130092e1 000000000 000000000 0
000000000 000000000 05469f3a1 000000000 000000000 0
000000000 000000000 054c9f3e1 056a0d681 000000000 0
000000000 000000000 012603242 04bc0abb1 000000000 0
000000000 000000000 05529f421 04d60cd4f 000000000 0
000000000 000000000 02f001b0d 000000000 000000000 0
000000000 000000000 012c072a2 000000000 000000000 0
000000000 000000000 01320b302 000000000 000000000 0
000000000 000000000 014801461 000000000 000000000 0
000000000 000000000 014e054c1 000000000 000000000 0
000000000 00006924f 030e01d0d 000000000 00bebc003 0
000000000 000000000 015409521 04d808d62 000000000 0
000000000 000000000 03cc01cae 000000000 000000000 0
000000000 00006a25b 05d30bc83 000000000 000000000 0
0000961e3 00006b267 05ef2be83 000000000 000000000 0
0000971e7 000000000 014a03482 000000000 000000000 0
000000000 000000000 03f401f2e 000000000 000000000 0
0000981eb 000000000 0150074e2 00f4f0f2b 000000000 0
000000000 000000000 03820062b 000000000 00dad8002 0
000000000 000000000 01560b542 000000000 000000000 0
000000000 000000000 030c01ccd 000000000 000000000 0
000000000 000000000 03d401d2e 000000000 000000000 0
000000000 00006c297 03f001eee 000000000 000000000 0
000000000 000000000 032e01f4d 000000000 000000000 0
000000000 000000000 05f72bec3 04f60cf4f 000000000 0
000000000 00006d2a3 04234a1a3 000000000 000000000 0
00009922b 00006e2af 041f4a183 000000000 000000000 0
00009a22f 000000000 04274a1c3 000000000 000000000 0
00009b233 000000000 031001d4d 000000000 000000000 0
000000000 000000000 056abf5e1 000000000 000000000 0
000000000 000000000 0570bf621 018783802 000000000 0
000000000 000000000 0576bf661 000000000 000000000 0
000000000 000000000 032c01f0d 04f808f62 000000000 0
000000000 000000000 03f801f6e 01130f0cb 000000000 0
000000000 000000000 0220001ee 000000000 000000000 0
000000000 000000000 02240022e 000000000 000000000 0
000000000 000000000 016c016a1 000000000 000000000 0
000000000 000000000 017205701 000000000 000000000 0
000000000 000000000 017809761 04dc0adb1 000000000 0
000000000 000000000 02280026e 000000000 00faf8002 0
000000000 000000000 033001f8d 01151112b 000000000 0
000000000 000000000 034c0020d 000000000 000000000 0
000000000 000000000 034e0024d 000000000 000000000 0
000000000 000000000 016e036c2 000000000 000000000 0
000000000 000000000 017407722 01332f2cb 000000000 0
000000000 000000000 017a0b782 000000000 00dedc003 0
000000000 000000000 03500028d 000000000 000000000 0
000000000 000000000 04436a3c3 000000000 000000000 0
000000000 000000000 04476a3e3 05160d14f 000000000 0
000000000 000000000 044b6a403 000000000 000000000 0
000000000 00006f2df 03840064b 000000000 000000000 0
000000000 0000702eb 03a20086b 000000000 000000000 0
00009c273 0000712f7 03a00084b 01353132b 000000000 0
00009e27b 000000000 03a40088b 000000000 000000000 0
00009d277 000000000 02440042e 01534f4cb 000000000 0
000000000 000000000 02480046e 051809162 000000000 0
000000000 000000000 024c004ae 000000000 000000000 0
000000000 000000000 03c000a8b 000000000 000000000 0
000000000 000000000 03c200aab 000000000 000000000 0
000000000 000000000 03c400acb 04fc0afb1 000000000 0
000000000 000000000 03e000ccb 05360d34f 000000000 0
000000000 000000000 036c0044d 01555152b 000000000 0
000000000 000000000 036e0048d 000000000 011b18002 0
000000000 000000000 0370004cd 018985862 000000000 0
000000000 000000000 058edf821 01a7a3a02 000000000 0
000000000 000000000 0594df861 000000000 000000000 0
000000000 000000000 059adf8a1 000000000 00fefc003 0
000000000 000000000 03e200ceb 053809362 000000000 0
000000000 000000000 03e400d0b 05560d54f 000000000 0
000000000 000000000 020000f0b 000000000 000000000 0
000000000 000000000 020200f2b 058a0d881 000000000 0
000000000 000000000 0190018e1 01a9a5a62 000000000 0
000000000 000000000 019605941 01c7c3c02 000000000 0
000000000 000000000 02220116b 000000000 000000000 0
000000000 000000000 019c099a1 000000000 013b38002 0
000000000 000000000 020400f4b 055809562 000000000 0
000000000 000000000 02200114b 01736f6cb 000000000 0
000000000 000000000 04678a603 000000000 000000000 0
000000000 000000000 019203902 000000000 000000000 0
000000000 000000000 046b8a623 05aa0da81 000000000 0
000000000 000000000 019807962 01c9c5c62 000000000 0
000000000 000000000 02240118b 051c0b1b1 000000000 0
000000000 000000000 019e0b9c2 000000000 015b58002 0
000000000 000000000 02400138b 01757172b 000000000 0
000000000 000000000 02680066e 01e7e3e02 000000000 0
000000000 000072327 05b2ffa61 000602002 000000000 0
000000000 000000000 05b8ffaa1 000000000 000000000 0
000000000 000000000 05beffae1 05ca0dc81 000000000 0
000000000 000073333 026c006ae 002622202 011f1c003 0
00009f2bb 00007433f 046f8a643 000000000 000000000 0
0000a02bf 000000000 048baa843 05760d74f 000000000 0
0000a12c3 000000000 038c0068d 01e9e5e62 000000000 0
000000000 000000000 01b401b21 000804062 000000000 0
000000000 000000000 01ba05b81 053c0b3b1 000000000 0
000000000 000000000 01c009be1 000000000 000000000 0
000000000 000000000 048faa863 002824262 000000000 0
000000000 000000000 038e006cd 000000000 000000000 0
000000000 000000000 0270006ee 057809762 000000000 0
000000000 000000000 028c008ae 05ea0de81 000000000 0
000000000 000000000 01b603b42 040a0c081 000000000 0
000000000 000000000 01bc07ba2 000000000 013f3c003 0
000000000 000000000 01c20bc02 055c0b5b1 000000000 0
000000000 000000000 0290008ee 042a0c281 000000000 0
000000000 000000000 0493aa883 000000000 000000000 0
000000000 000000000 03900070d 000000000 017b78002 0
000000000 000000000 03ac008cd 000000000 000000000 0
000000000 00007536f 04afcaa83 000000000 000000000 0
000000000 00007637b 05d71fca1 000000000 000000000 0
0000a2303 000077387 05dd1fce1 000000000 015f5c003 0
0000a3307 000000000 05e31fd21 000000000 000000000 0
0000a430b 000000000 03ae0090d 01938f8cb 000000000 0
000000000 000000000 02940092e 000000000 000000000 0
000000000 000000000 04b3caaa3 000000000 000000000 0
000000000 000000000 02b000aee 000000000 000000000 0
000000000 000000000 01d801d61 000000000 000000000 0
000000000 000000000 01de05dc1 000000000 000000000 0
000000000 000000000 0242013ab 000000000 000000000 0
000000000 000000000 01e409e21 01959192b 000000000 0
000000000 000000000 03b00094d 000000000 000000000 0
000000000 000000000 05fb3fee1 000000000 000000000 0
000000000 000000000 040d3ff21 000000000 000000000 0
000000000 000000000 01da03d82 000000000 000000000 0
000000000 000000000 04133ff61 000000000 000000000 0
000000000 000000000 01e007de2 057c0b7b1 000000000 0
000000000 000000000 03cc00b0d 05960d94f 000000000 0
000000000 000000000 01e60be42 01b3afacb 000000000 0
000000000 000000000 01fc01fa1 000000000 000000000 0
000000000 000000000 000e040c1 000000000 000000000 0
000000000 0000783b7 0262015eb 004642402 000000000 0
000000000 000000000 001408121 000000000 000000000 0
000000000 000000000 042b5e1e1 000000000 017f7c003 0
000000000 0000793c3 04315e221 000000000 000000000 0
0000a534b 00007a3cf 02b400b2e 059809962 000000000 0
0000a634f 000000000 01fe03fc2 01b5b1b2b 000000000 0
0000a7353 000000000 04375e261 000000000 000000000 0
000000000 000000000 0010060e2 000000000 000000000 0
000000000 000000000 0244013cb 000000000 000000000 0
000000000 000000000 00160a142 000000000 000000000 0
000000000 000000000 002c002a1 000000000 000000000 0
000000000 000000000 003204301 000000000 019b98002 0
000000000 00007b3ff 03ce00b4d 05b60db4f 000000000 0
000000000 000000000 003808361 000000000 000000000 0
000000000 000000000 04b7caac3 000000000 000000000 0
000000000 00007c023 04d3eacc3 000000000 000000000 0
0000a8393 00007d02f 04dbead03 000000000 000000000 0
0000a9397 000000000 002e022c2 000000000 000000000 0
0000aa39b 000000000 003406322 000000000 000000000 0
000000000 000000000 04d7eace3 05b809b62 000000000 0
000000000 000000000 003a0a382 004844462 000000000 0
000000000 000000000 044f7e421 000000000 000000000 0
000000000 000000000 04557e461 000000000 000000000 0
000000000 000000000 045b7e4a1 000000000 000000000 0
000000000 00007e05f 02d400d2e 01d3cfccb 000000000 0
000000000 00007f06b 02b800b6e 000000000 000000000 0
000000000 000000000 02d800d6e 000000000 01bbb8002 0
0000ab3db 000080077 04f60af03 044a0c481 000000000 0
0000ac3df 000000000 0050004e1 000000000 000000000 0
000000000 000000000 005604541 000000000 000000000 0
000000000 000000000 02640160b 059c0b9b1 000000000 0
0000ad3e3 000000000 005c085a1 000000000 000000000 0
000000000 000000000 03d000b8d 000000000 000000000 0
000000000 000000000 03ec00d4d 000000000 000000000 0
000000000 000000000 03ee00d8d 000000000 000000000 0
000000000 000000000 005202502 000000000 000000000 0
000000000 000000000 02dc00dae 000000000 000000000 0
000000000 000000000 005806562 000000000 019f9c003 0
000000000 000000000 0260015cb 000000000 000000000 0
000000000 000000000 005e0a5c2 000000000 000000000 0
000000000 000000000 02f800f6e 000000000 000000000 0
000000000 000000000 04fa0af23 000000000 000000000 0
000000000 0000810a7 04fe0af43 000000000 000000000 0
000000000 000000000 03f000dcd 000000000 000000000 0
000000000 000000000 02800180b 01d5d1d2b 000000000 0
000000000 0000820b3 02820182b 05bc0bbb1 000000000 0
0000ae03b 0000830bf 051a2b143 01f3efecb 000000000 0
0000af03f 000000000 020c00f8d 000000000 000000000 0
0000b0043 000000000 02fc00fae 000000000 000000000 0
000000000 000000000 030000fee 000000000 000000000 0
000000000 000000000 051e2b163 000000000 000000000 0
000000000 000000000 05222b183 05d60dd4f 000000000 0
000000000 000000000 053e4b383 000000000 01bfbc003 0
000000000 000000000 031c011ae 006662602 000000000 0
000000000 000000000 05424b3a3 000000000 000000000 0
000000000 000000000 020e00fcd 01f5f1f2b 000000000 0
000000000 000000000 04739e661 000000000 000000000 0
000000000 000000000 04799e6a1 008682802 000000000 0
000000000 000000000 047f9e6e1 000000000 000000000 0
000000000 000000000 02100100d 05d809d62 000000000 0
000000000 000000000 022c011cd 006864662 000000000 0
000000000 000000000 0320011ee 000000000 000000000 0
000000000 000000000 03240122e 05f60df4f 000000000 0
000000000 000000000 007400721 000000000 000000000 0
000000000 000000000 007a04781 000000000 000000000 0
000000000 000000000 0080087e1 000000000 000000000 0
000000000 000000000 0340013ee 000000000 01dbd8002 0
000000000 000000000 03440142e 00120e0cb 000000000 0
000000000 000000000 022e0120d 046a0c681 000000000 0
000000000 000000000 02300124d 05f809f62 000000000 0
000000000 000000000 007602742 000000000 000000000 0
000000000 000000000 007c067a2 000000000 000000000 0
000000000 000000000 00820a802 000000000 000000000 0
000000000 000000000 0497be8a1 000000000 000000000 0
000000000 000000000 049dbe8e1 00141012b 000000000 0
000000000 000000000 04a3be921 000000000 000000000 0
000000000 000000000 024c0140d 000000000 01fbf8002 0
000000000 0000840ef 024e0144d 000000000 000000000 0
000000000 0000850fb 05666b5e3 000000000 000000000 0
0000b1083 000086107 05464b3c3 000000000 000000000 0
0000b2087 000000000 009800961 00322e2cb 000000000 0
0000b308b 000000000 009e049c1 04160c14f 000000000 0
000000000 000000000 02a201a6b 000000000 000000000 0
000000000 000000000 00a408a21 000000000 000000000 0
000000000 000000000 05626b5c3 000000000 000000000 0
000000000 000000000 03680166e 05dc0bdb1 000000000 0
000000000 000000000 03480146e 000000000 000000000 0
000000000 000000000 009a02982 00343032b 000000000 0
000000000 000000000 056a6b603 041808162 000000000 0
000000000 000000000 00a0069e2 00524e4cb 000000000 0
000000000 000000000 02840184b 000000000 000000000 0
000000000 000000000 00a60aa42 000000000 000000000 0
000000000 000000000 03640162e 000000000 01dfdc003 0
000000000 000000000 02500148d 000000000 000000000 0
000000000 000087137 026e0168d 04360c34f 000000000 0
000000000 000000000 036c016ae 000000000 001a18002 0
000000000 000000000 02a001a4b 05fc0bfb1 000000000 0
000000000 000088143 02c201cab 000000000 000000000 0
0000b40cb 00008914f 02a401a8b 000000000 000000000 0
0000b50cf 000000000 026c0164d 000000000 000000000 0
0000b60d3 000000000 02c001c8b 000000000 000000000 0
000000000 000000000 02c401ccb 000000000 000000000 0
000000000 000000000 0270016cd 043808362 000000000 0
000000000 000000000 02e001ecb 000000000 01fffc003 0
000000000 000000000 02e201eeb 008884862 000000000 0
000000000 000000000 02e401f0b 00545052b 000000000 0
000000000 000000000 0300001cb 000000000 000000000 0
000000000 000000000 0302001eb 000000000 000000000 0
000000000 000000000 03040020b 00a6a2a02 000000000 0
000000000 000000000 03200040b 000000000 003a38002 0
000000000 000000000 03220042b 000000000 000000000 0
000000000 000000000 04bbdeae1 048a0c881 000000000 0
000000000 000000000 04c1deb21 04560c54f 000000000 0
000000000 000000000 04c7deb61 00c6c2c02 000000000 0
000000000 000000000 03240044b 041c0a1b1 000000000 0
000000000 000000000 03400064b 00a8a4a62 000000000 0
000000000 000000000 03440068b 00726e6cb 000000000 0
000000000 000000000 03420066b 00e6e2e02 000000000 0
000000000 000000000 00bc00ba1 000000000 000000000 0
000000000 000000000 00c204c01 045808562 000000000 0
000000000 000000000 00c808c61 010703002 000000000 0
000000000 000000000 05868b803 000000000 001e1c003 0
000000000 000000000 04dffed21 012723202 000000000 0
000000000 000000000 04e5fed61 00747072b 000000000 0
000000000 000000000 04ebfeda1 04aa0ca81 000000000 0
000000000 000000000 00be02bc2 00c8c4c62 000000000 0
000000000 000000000 00c406c22 00e8e4e62 005a58002 0
000000000 000000000 00ca0ac82 010905062 000000000 0
000000000 000000000 03880186e 043c0a3b1 000000000 0
000000000 000000000 00e000de1 012925262 000000000 0
000000000 000000000 00e604e41 04760c74f 000000000 0
000000000 000000000 000000000 014743402 000000000 0
000000000 00008a17f 00ec08ea1 04ca0cc81 000000000 0
000000000 00008b18b 058a8b823 04ea0ce81 000000000 0
0000b7113 00008c197 058e8b843 050a0d081 000000000 0
0000b8117 000000000 028c0188d 000000000 003e3c003 0
000000000 000000000 00e202e02 052a0d281 000000000 0
0000b911b 000000000 05aaaba43 047808762 000000000 0
000000000 000000000 00e806e62 014945462 000000000 0
000000000 000000000 03600088b 000000000 000000000 0
000000000 000000000 00ee0aec2 000000000 000000000 0
000000000 000000000 05021ef61 000000000 000000000 0
000000000 000000000 05081efa1 000000000 000000000 0
000000000 00008d1c7 050e1efe1 000000000 000000000 0
000000000 000000000 038c018ae 000000000 007a78002 0
000000000 000000000 0390018ee 045c0a5b1 000000000 0
000000000 00008e1d3 03ac01aae 054a0d481 000000000 0
0000ba15b 00008f1df 05b2aba83 000000000 000000000 0
0000bb15f 000000000 010401021 000000000 000000000 0
000000000 000000000 010a05081 000000000 000000000 0
0000bc163 000000000 0110090e1 000000000 000000000 0
000000000 000000000 028e018cd 000000000 000000000 0
000000000 000000000 02900190d 000000000 005e5c003 0
000000000 000000000 02ac01acd 000000000 000000000 0
000000000 000000000 05263f1a1 000000000 000000000 0
000000000 000000000 010603042 000000000 000000000 0
000000000 000000000 010c070a2 000000000 000000000 0
000000000 000000000 01120b102 000000000 000000000 0
000000000 000000000 052c3f1e1 000000000 000000000 0
000000000 000000000 05323f221 000000000 000000000 0
000000000 000000000 05aeaba63 000000000 000000000 0
000000000 000000000 012801261 000000000 000000000 0
000000000 00009020f 03b401b2e 000000000 000000000 0
000000000 00009121b 0362008ab 047c0a7b1 000000000 0
0000bd1a3 000092227 05cecbc83 00928e8cb 000000000 0
0000be1a7 000000000 012e052c1 000000000 000000000 0
000000000 000000000 038200aeb 000000000 000000000 0
0000bf1ab 000000000 013409321 000000000 000000000 0
000000000 000000000 012a03282 000000000 000000000 0
000000000 000000000 03b001aee 000000000 000000000 0
000000000 000000000 02b001b4d 000000000 007e7c003 0
000000000 000000000 054a5f3e1 00949092b 000000000 0
000000000 000000000 05505f421 000000000 000000000 0
000000000 000000000 0130072e2 000000000 000000000 0
000000000 000000000 0364008cb 000000000 000000000 0
000000000 000093257 05565f461 016763602 000000000 0
000000000 000000000 01360b342 000000000 000000000 0
000000000 000000000 03d001cee 000000000 000000000 0
000000000 000000000 014c014a1 04960c94f 000000000 0
000000000 000000000 015205501 000000000 000000000 0
000000000 000000000 02ae01b0d 000000000 000000000 0
000000000 000094263 05d2cbca3 000000000 000000000 0
000000000 000000000 015809561 000000000 000000000 0
0000c01eb 00009526f 05d6cbcc3 000000000 000000000 0
0000c11ef 000000000 02cc01d0d 000000000 000000000 0
0000c21f3 000000000 014e034c2 049808962 000000000 0
000000000 000000000 015407522 016965662 000000000 0
000000000 000000000 05f2ebec3 000000000 000000000 0
000000000 000000000 03d401d2e 000000000 000000000 0
000000000 000000000 015a0b582 000000000 000000000 0
000000000 000000000 056e7f621 000000000 000000000 0
000000000 000000000 05747f661 000000000 000000000 0
000000000 00009629f 057a7f6a1 000000000 009a98002 0
000000000 0000972ab 03d801d6e 00b2aeacb 000000000 0
000000000 000000000 03f401f2e 056a0d681 000000000 0
000000000 000000000 02ce01d4d 000000000 000000000 0
0000c3233 0000982b7 05f6ebee3 000000000 000000000 0
0000c4237 000000000 0170016e1 000000000 000000000 0
000000000 000000000 017605741 000000000 000000000 0
0000c523b 000000000 038400b0b 000000000 000000000 0
000000000 000000000 017c097a1 00b4b0b2b 000000000 0
000000000 000000000 02d001d8d 000000000 000000000 0
000000000 000000000 02ec01f4d 000000000 000000000 0
000000000 000000000 03f801f6e 000000000 000000000 0
000000000 000000000 017203702 000000000 000000000 0
000000000 000000000 05faebf03 000000000 000000000 0
000000000 000000000 017807762 000000000 000000000 0
000000000 000000000 038000acb 04b60cb4f 000000000 0
000000000 000000000 017e0b7c2 00d2ceccb 000000000 0
000000000 000000000 04230a1c3 000000000 000000000 0
000000000 000000000 02ee01f8d 000000000 000000000 0
000000000 0000992e7 03a000d0b 049c0a9b1 000000000 0
000000000 000000000 03fc01fae 000000000 000000000 0
000000000 000000000 04270a1e3 000000000 000000000 0
000000000 00009a2f3 044b2a423 04b808b62 000000000 0
000000000 00009b2ff 03a200d2b 00d4d0d2b 000000000 0
000000000 000000000 02240022e 000000000 000000000 0
000000000 000000000 042b0a203 000000000 000000000 0
000000000 000000000 04472a403 000000000 009e9c003 0
000000000 000000000 02f001fcd 018783802 000000000 0
000000000 000000000 02280026e 000000000 000000000 0
000000000 000000000 024c004ae 000000000 00bab8002 0
000000000 000000000 044f2a443 04d60cd4f 000000000 0
000000000 000000000 030c0024d 00f2eeecb 000000000 0
000000000 000000000 022c002ae 000000000 000000000 0
000000000 000000000 02480046e 000000000 000000000 0
000000000 000000000 046b4a643 018985862 000000000 0
000000000 000000000 030e0028d 01a7a3a02 000000000 0
000000000 000000000 032e004cd 000000000 000000000 0
000000000 000000000 0250004ee 04d808d62 000000000 0
000000000 000000000 046f4a663 000000000 000000000 0
000000000 000000000 0310002cd 00f4f0f2b 000000000 0
000000000 000000000 032c0048d 000000000 000000000 0
000000000 000000000 026c006ae 000000000 000000000 0
000000000 000000000 04734a683 058a0d881 000000000 0
000000000 000000000 048f6a883 000000000 000000000 0
000000000 000000000 03300050d 000000000 00dad8002 0
000000000 000000000 05929f861 000000000 000000000 0
000000000 000000000 05989f8a1 04f60cf4f 000000000 0
000000000 000000000 059e9f8e1 000000000 000000000 0
000000000 000000000 034c006cd 04bc0abb1 000000000 0
000000000 000000000 0270006ee 01130f0cb 000000000 0
000000000 000000000 02740072e 000000000 000000000 0
000000000 000000000 0290008ee 000000000 000000000 0
000000000 000000000 019401921 01332f2cb 000000000 0
000000000 000000000 019a05981 04f808f62 000000000 0
000000000 000000000 01a0099e1 000000000 000000000 0
000000000 000000000 04936a8a3 000000000 00bebc003 0
000000000 000000000 034e0070d 01151112b 000000000 0
000000000 000000000 03500074d 000000000 000000000 0
000000000 000000000 036c0090d 000000000 000000000 0
000000000 000000000 019603942 01353132b 000000000 0
000000000 000000000 019c079a2 000000000 00faf8002 0
000000000 000000000 01a20ba02 000000000 000000000 0
000000000 000000000 02940092e 000000000 000000000 0
000000000 000000000 04976a8c3 05160d14f 000000000 0
000000000 000000000 03a400d4b 04dc0adb1 000000000 0
000000000 000000000 04b38aac3 000000000 000000000 0
000000000 00009c32f 04bb8ab03 05360d34f 000000000 0
000000000 00009d33b 04b78aae3 000000000 000000000 0
000000000 00009e347 03c000f4b 01534f4cb 000000000 0
000000000 000000000 036e0094d 000000000 000000000 0
000000000 000000000 02980096e 051809162 000000000 0
000000000 000000000 03c200f6b 000000000 00dedc003 0
000000000 000000000 02b400b2e 000000000 000000000 0
000000000 000000000 02bc00bae 000000000 000000000 0
000000000 000000000 05b6bfaa1 000000000 000000000 0
000000000 000000000 05bcbfae1 01555152b 000000000 0
000000000 000000000 05c2bfb21 000000000 000000000 0
000000000 000000000 03700098d 053809362 011b18002 0
000000000 000000000 02b800b6e 01a9a5a62 000000000 0
000000000 000000000 038c00b4d 04fc0afb1 000000000 0
000000000 000000000 039000bcd 000000000 000000000 0
000000000 000000000 01b801b61 01736f6cb 000000000 0
000000000 000000000 01be05bc1 05560d54f 000000000 0
000000000 000000000 03c400f8b 000000000 000000000 0
000000000 000000000 01c409c21 000000000 013b38002 0
000000000 000000000 038e00b8d 05aa0da81 000000000 0
000000000 000000000 03e00118b 01c7c3c02 00fefc003 0
000000000 000000000 03e2011ab 000000000 000000000 0
000000000 000000000 01ba03b82 000000000 000000000 0
000000000 000000000 03e4011cb 055809562 000000000 0
000000000 000000000 01c007be2 01757172b 000000000 0
000000000 000000000 000000000 000000000 000000000 0
000000000 000000000 01c60bc42 000000000 000000000 0
000000000 000000000 05dadfce1 000000000 000000000 0
000000000 000000000 05e0dfd21 000000000 000000000 0
000000000 00009f377 05e6dfd61 000000000 000000000 0
000000000 000000000 000000000 051c0b1b1 015b58002 0
000000000 000000000 04d7aad03 05760d74f 000000000 0
000000000 0000a0383 04dbaad23 01938f8cb 000000000 0
000000000 0000a138f 04dfaad43 01c9c5c62 000000000 0
000000000 000000000 01dc01da1 01e7e3e02 000000000 0
000000000 000000000 01e205e01 000000000 000000000 0
000000000 000000000 01e809e61 000000000 000000000 0
000000000 000000000 000000000 053c0b3b1 011f1c003 0
000000000 000000000 02d800d6e 057809762 000000000 0
000000000 000000000 05fefff21 01959192b 000000000 0
000000000 000000000 0410fff61 05ca0dc81 000000000 0
000000000 000000000 01de03dc2 01e9e5e62 000000000 0
000000000 000000000 01e407e22 000000000 000000000 0
000000000 000000000 01ea0be82 000000000 000000000 0
000000000 000000000 0416fffa1 000000000 013f3c003 0
000000000 000000000 03ac00d8d 000000000 017b78002 0
000000000 000000000 000c01fe1 05960d94f 000000000 0
000000000 000000000 001204101 000000000 000000000 0
000000000 0000a23bf 02dc00dae 05ea0de81 000000000 0
000000000 0000a33cb 02e000dee 055c0b5b1 000000000 0
000000000 0000a43d7 04fbcaf43 000000000 000000000 0
000000000 000000000 001808161 000000000 000000000 0
000000000 000000000 04ffcaf63 000000000 000000000 0
000000000 000000000 000e020c2 059809962 000000000 0
000000000 000000000 001406122 000000000 000000000 0
000000000 000000000 03ae00dcd 000000000 000000000 0
000000000 000000000 042f1e221 000000000 015f5c003 0
000000000 000000000 04351e261 000000000 000000000 0
000000000 000000000 001a0a182 000000000 000000000 0
000000000 000000000 043b1e2a1 000000000 000000000 0
000000000 0000a501f 03b000e0d 000000000 019b98002 0
000000000 0000a602b 02fc00fae 000000000 000000000 0
000000000 000000000 030000fee 000000000 000000000 0
000000000 000000000 0030002e1 000000000 000000000 0
000000000 000000000 003604341 057c0b7b1 000000000 0
000000000 0000a7037 000000000 000000000 000000000 0
000000000 000000000 003c083a1 000000000 000000000 0
000000000 000000000 04533e461 000000000 000000000 0
000000000 000000000 04593e4a1 000000000 000000000 0
000000000 000000000 045f3e4e1 000000000 000000000 0
000000000 000000000 003202302 01b3afacb 000000000 0
000000000 000000000 03cc00fcd 000000000 017f7c003 0
000000000 000000000 003806362 000000000 000000000 0
000000000 000000000 03ce0100d 000000000 000000000 0
000000000 000000000 003e0a3c2 000000000 000000000 0
000000000 000000000 005400521 000000000 000000000 0
000000000 000000000 005a04581 000000000 000000000 0
000000000 0000a8067 0060085e1 01b5b1b2b 000000000 0
000000000 000000000 04775e6a1 000000000 000000000 0
000000000 000000000 047d5e6e1 059c0b9b1 000000000 0
000000000 0000a9073 04835e721 000000000 000000000 0
000000000 0000aa07f 0503caf83 000000000 000000000 0
000000000 000000000 005602542 000000000 000000000 0
000000000 000000000 005c065a2 000000000 000000000 0
000000000 000000000 00620a602 05b60db4f 000000000 0
000000000 000000000 007800761 01d3cfccb 000000000 0
000000000 000000000 007e047c1 000000000 019f9c003 0
000000000 000000000 000000000 000000000 000000000 0
000000000 000000000 008408821 000000000 000000000 0
000000000 0000ab0af 03040102e 000000000 000000000 0
000000000 0000ac0bb 049b7e8e1 000000000 000000000 0
000000000 0000ad0c7 04a77e961 000000000 000000000 0
000000000 000000000 007a02782 05b809b62 000000000 0
000000000 000000000 04a17e921 000000000 000000000 0
000000000 000000000 0080067e2 000000000 000000000 0
000000000 000000000 000000000 000000000 000000000 0
000000000 000000000 00860a842 000000000 000000000 0
000000000 000000000 009c009a1 000000000 000000000 0
000000000 000000000 00a808a61 000000000 000000000 0
000000000 0000ae0f7 03d00104d 000000000 01bbb8002 0
000000000 000000000 00a204a01 000000000 000000000 0
000000000 000000000 051feb183 000000000 000000000 0
000000000 0000af103 0523eb1a3 000000000 000000000 0
000000000 0000b010f 0527eb1c3 000000000 000000000 0
000000000 000000000 009e029c2 000000000 000000000 0
000000000 000000000 00aa0aa82 000000000 000000000 0
000000000 000000000 04bf9eb21 000000000 000000000 0
000000000 000000000 00a406a22 000000000 000000000 0
000000000 000000000 04c59eb61 000000000 000000000 0
000000000 000000000 04cb9eba1 000000000 000000000 0
000000000 000000000 0320011ee 000000000 000000000 0
000000000 0000b113f 03240122e 01d5d1d2b 000000000 0
000000000 0000b3157 03280126e 000000000 000000000 0
000000000 000000000 00c000be1 000000000 000000000 0
000000000 0000b214b 000000000 000000000 000000000 0
000000000 000000000 00c604c41 000000000 000000000 0
000000000 000000000 000000000 000000000 000000000 0
000000000 000000000 00cc08ca1 000000000 000000000 0
000000000 000000000 03ec0120d 05bc0bbb1 000000000 0
000000000 000000000 03ee0124d 05d60dd4f 000000000 0
000000000 000000000 00c202c02 000000000 000000000 0
000000000 000000000 03f00128d 000000000 000000000 0
000000000 000000000 000000000 000000000 000000000 0
000000000 000000000 00c806c62 000000000 000000000 0
000000000 000000000 000000000 000000000 000000000 0
000000000 000000000 00ce0acc2 000000000 01bfbc003 0
000000000 000000000 000000000 000000000 000000000 0
000000000 0000b4187 000000000 05d809d62 000000000 0
000000000 000000000 000000000 000000000 000000000 0
000000000 000000000 000000000 000000000 000000000 0
000000000 000000000 000000000 000000000 000000000 0
000000000 0000b5193 000000000 01f3efecb 000000000 0
000000000 0000b619f 000000000 000000000 000000000 0
000000000 000000000 000000000 000000000 000000000 0
000000000 000000000 000000000 000000000 01dbd8002 0
000000000 000000000 000000000 000000000 000000000 0
000000000 000000000 000000000 000000000 000000000 0
000000000 000000000 000000000 000000000 000000000 0
000000000 000000000 000000000 01f5f1f2b 000000000 0
000000000 000000000 000000000 000000000 000000000 0
000000000 000000000 000000000 000000000 000000000 0
000000000 000000000 000000000 000000000 000000000 0
000000000 000000000 000000000 000000000 000000000 0
000000000 000000000 000000000 000000000 000000000 0
000000000 000000000 04e3bed61 000000000 000000000 0
000000000 000000000 04e9beda1 05f60df4f 000000000 0
000000000 000000000 04efbede1 000000000 000000000 0
000000000 000000000 000000000 000000000 000000000 0
000000000 000000000 000000000 000000000 000000000 0
000000000 000000000 000000000 000000000 000000000 0
000000000 000000000 000000000 000000000 000000000 0
000000000 000000000 00e400e21 000000000 000000000 0
000000000 000000000 00ea04e81 05f809f62 000000000 0
000000000 000000000 00f008ee1 05dc0bdb1 000000000 0
000000000 000000000 000000000 000000000 000000000 0
000000000 000000000 000000000 000000000 000000000 0
000000000 000000000 000000000 000000000 000000000 0
000000000 000000000 000000000 000000000 000000000 0
000000000 000000000 00e602e42 000000000 000000000 0
000000000 000000000 00ec06ea2 000000000 01fbf8002 0
000000000 000000000 00f20af02 000000000 01dfdc003 0
000000000 000000000 000000000 000000000 000000000 0
000000000 000000000 000000000 000000000 000000000 0
000000000 000000000 000000000 000000000 000000000 0
000000000 000000000 000000000 000000000 000000000 0
000000000 0000b71cf 000000000 000000000 000000000 0
000000000 0000b81db 000000000 000000000 000000000 0
000000000 0000b91e7 000000000 000000000 000000000 0
000000000 000000000 000000000 000000000 000000000 0
000000000 000000000 000000000 000000000 000000000 0
000000000 000000000 000000000 000000000 000000000 0
000000000 000000000 000000000 000000000 000000000 0
000000000 000000000 000000000 000000000 000000000 0
000000000 000000000 000000000 000000000 000000000 0
000000000 000000000 000000000 000000000 000000000 0
000000000 000000000 000000000 000000000 000000000 0
000000000 000000000 000000000 000000000 000000000 0
000000000 000000000 000000000 000000000 000000000 0
000000000 000000000 000000000 05fc0bfb1 000000000 0
000000000 000000000 0507defa1 000000000 000000000 0
000000000 000000000 050ddefe1 000000000 000000000 0
000000000 000000000 0513df021 000000000 000000000 0
000000000 000000000 000000000 000000000 000000000 0
000000000 000000000 000000000 000000000 000000000 0
000000000 000000000 000000000 000000000 000000000 0
000000000 000000000 000000000 000000000 01fffc003 0
000000000 000000000 010801061 000000000 000000000 0
000000000 000000000 010e050c1 000000000 000000000 0
000000000 000000000 000000000 000000000 000000000 0
000000000 000000000 011409121 000000000 000000000 0
000000000 000000000 000000000 000000000 000000000 0
000000000 000000000 000000000 000000000 000000000 0
000000000 000000000 000000000 000000000 000000000 0
000000000 000000000 010a03082 000000000 000000000 0
000000000 000000000 000000000 000000000 000000000 0
000000000 000000000 0110070e2 000000000 000000000 0
000000000 000000000 000000000 000000000 000000000 0
000000000 000000000 01160b142 000000000 000000000 0
000000000 000000000 000000000 000000000 000000000 0
000000000 000000000 000000000 000000000 000000000 0
000000000 0000ba217 000000000 000000000 000000000 0
000000000 000000000 000000000 000000000 000000000 0
000000000 000000000 000000000 000000000 000000000 0
000000000 0000bb223 000000000 000000000 000000000 0
000000000 0000bc22f 0531ff221 000000000 000000000 0
000000000 000000000 052bff1e1 000000000 000000000 0
000000000 000000000 0537ff261 000000000 000000000 0
000000000 000000000 000000000 000000000 000000000 0
000000000 000000000 000000000 000000000 000000000 0
000000000 000000000 000000000 000000000 000000000 0
000000000 000000000 000000000 000000000 000000000 0
000000000 000000000 013205301 000000000 000000000 0
000000000 000000000 012c012a1 000000000 000000000 0
000000000 000000000 013809361 000000000 000000000 0
000000000 000000000 000000000 000000000 000000000 0
000000000 000000000 000000000 000000000 000000000 0
000000000 000000000 000000000 000000000 000000000 0
000000000 000000000 000000000 000000000 000000000 0
000000000 000000000 013407322 000000000 000000000 0
000000000 000000000 012e032c2 000000000 000000000 0
000000000 000000000 013a0b382 000000000 000000000 0
000000000 000000000 000000000 000000000 000000000 0
000000000 000000000 000000000 000000000 000000000 0
000000000 000000000 000000000 000000000 000000000 0
000000000 000000000 000000000 000000000 000000000 0
000000000 0000be26b 000000000 000000000 000000000 0
000000000 0000bd25f 000000000 000000000 000000000 0
000000000 0000bf277 000000000 000000000 000000000 0
000000000 000000000 000000000 000000000 000000000 1
