000000000
000000000
000000000
000000000
000000000
000000000
000000000
000000000
000000000
000000000
000000000
000000000
000000000
000000000
000000000
000000000
000000000
000000000
000000000
000000000
000000000
000000000
000000000
000000000
000000000
000000000
000000000
000000000
000000000
000000000
000000000
000000000
000000000
000000000
000000000
000000000
000000000
000000000
000000000
000000000
000000000
000000000
000000000
000000000
000000000
000000000
000000000
000000000
000000000
000000000
000000000
000000000
000000000
000000000
000000000
000000000
000000000
000000000
000000000
000000000
000000000
000000000
000000000
000000000
000000000
000000000
000000000
000000000
000000000
000000000
000000000
000000000
000000000
000000000
000000000
000000000
000000000
000000000
000000000
000000000
000000000
000000000
000000000
000000000
000000000
000000000
000000000
000000000
000000000
000000000
000000000
000000000
000000000
000000000
000000000
000000000
000000000
000000000
000000000
000000000
000000000
000000000
000000000
000000000
000000000
000000000
000000000
000000000
000000000
000000000
000000000
000000000
000000000
000000000
000000000
000000000
000000000
000000000
000000000
000000000
000000000
000000000
000000000
000000000
000000000
000000000
000000000
000000000
000000000
000000000
000000000
000000000
000000000
000000000
000000000
000000000
000000000
000000000
000000000
000000000
000000000
000000000
000000000
000000000
000000000
000000000
000000000
000000000
000000000
000000000
000000000
000000000
000000000
000000000
000000000
000000000
000000000
000000000
000000000
000000000
000000000
000000000
000000000
000000000
000000000
000000000
000000000
000000000
000000000
000000000
000000000
000000000
000000000
000000000
000000000
000000000
000000000
000000000
000000000
000000000
000000000
000000000
000000000
000000000
000000000
000000000
000000000
000000000
000000000
000000000
000000000
000000000
000000000
000000000
000000000
000000000
000000000
000000000
000000000
000000000
000000000
000000000
000000000
000000000
000000000
000000000
000000000
000000000
000000000
000000000
000000000
000000000
000000000
000000000
000000000
000000000
000000000
000000000
000000000
000000000
000000000
000000000
000000000
000000000
000000000
000000000
000000000
000000000
000000000
000000000
000000000
000000000
000000000
000000000
000000000
000000000
000000000
000000000
000000000
000000000
000000000
000000000
000000000
000000000
000000000
000000000
000000000
000000000
000000000
000000000
000000000
000000000
000000000
000000000
000000000
000000000
000000000
000000000
000000000
000000000
000000000
000000000
000000000
000000000
000000000
000000000
000000000
000000000
000000000
000000000
000000000
000000000
000000000
000000000
000000000
000000000
000000000
000000000
000000000
000000000
000000000
000000000
000000000
000000000
000000000
000000000
000000000
000000000
000000000
000000000
000000000
000000000
000000000
000000000
000000000
000000000
000000000
000000000
000000000
000000000
000000000
000000000
000000000
000000000
000000000
000000000
000000000
000000000
000000000
00000000f
000000000
000000000
000000000
00000101f
000000000
000000000
000000000
00000202f
000000000
000000000
000000000
00000303f
000000000
000000000
000000000
00000404f
000000000
000000000
000000000
00000505f
000000000
000000000
000000000
00000606f
000000000
000000000
000000000
00000707f
000000000
000000000
000000000
00000808f
000000000
000000000
000000000
00000909f
000000000
000000000
000000000
000000000
000000000
000000000
000000000
000000000
000000000
000000000
000000000
000000000
000000000
000000000
000000000
000000000
000000000
000000000
000000000
000000000
000000000
000000000
000000000
000000000
000000000
000000000
000000000
000000000
000000000
000000000
000000000
000000000
000000000
000000000
000000000
000000000
000000000
000000000
000000000
000000000
000000000
000000000
000000000
000000000
000000000
000000000
000000000
000000000
000000000
000000000
000000000
000000000
000000000
000000000
000000000
000000000
000000000
000000000
000000000
000000000
00000a0af
000000000
000000000
000000000
00000b0bf
000000000
000000000
000000000
00000c0cf
000000000
000000000
000000000
00000d0df
000000000
000000000
000000000
00000e0ef
000000000
000000000
000000000
00000f0ff
000000000
000000000
000000000
00001010f
000000000
000000000
000000000
00001111f
000000000
000000000
000000000
00001212f
000000000
000000000
000000000
00001313f
000000000
000000000
000000000
000000000
000000000
000000000
000000000
000000000
000000000
000000000
000000000
000000000
000000000
000000000
000000000
000000000
000000000
000000000
000000000
000000000
000000000
000000000
000000000
000000000
000000000
000000000
000000000
000000000
000000000
000000000
000000000
000000000
000000000
000000000
000000000
000000000
000000000
000000000
000000000
000000000
000000000
000000000
000000000
000000000
000000000
000000000
000000000
000000000
000000000
000000000
000000000
000000000
000000000
000000000
000000000
000000000
000000000
000000000
000000000
000000000
000000000
000000000
000000000
000000000
000000000
000000000
000000000
000000000
000000000
000000000
000000000
000000000
000000000
000000000
000000000
00001414f
000000000
000000000
000000000
00001515f
000000000
000000000
000000000
00001616f
000000000
000000000
000000000
00001717f
000000000
000000000
000000000
00001818f
000000000
000000000
000000000
00001919f
000000000
000000000
000000000
00001a1af
000000000
000000000
000000000
00001b1bf
000000000
000000000
000000000
00001c1cf
000000000
000000000
000000000
00001d1df
000000000
000000000
000000000
000000000
000000000
000000000
000000000
000000000
000000000
000000000
000000000
000000000
000000000
000000000
000000000
000000000
000000000
000000000
000000000
000000000
000000000
000000000
000000000
000000000
000000000
000000000
000000000
000000000
000000000
000000000
000000000
000000000
000000000
000000000
000000000
000000000
000000000
000000000
000000000
000000000
000000000
000000000
000000000
000000000
000000000
000000000
000000000
000000000
000000000
000000000
000000000
000000000
000000000
000000000
000000000
000000000
000000000
000000000
000000000
000000000
00001e1ef
000000000
000000000
000000000
00001f1ff
000000000
000000000
000000000
00002020f
000000000
000000000
000000000
00002121f
000000000
000000000
000000000
00002222f
000000000
000000000
000000000
00002323f
000000000
000000000
000000000
00002424f
000000000
000000000
000000000
00002525f
000000000
000000000
000000000
00002626f
000000000
000000000
000000000
00002727f
000000000
000000000
000000000
000000000
000000000
000000000
000000000
000000000
000000000
000000000
000000000
000000000
000000000
000000000
000000000
000000000
000000000
000000000
000000000
000000000
000000000
000000000
000000000
000000000
000000000
000000000
000000000
000000000
000000000
000000000
000000000
000000000
000000000
000000000
000000000
000000000
000000000
000000000
000000000
000000000
000000000
000000000
000000000
000000000
000000000
000000000
000000000
000000000
000000000
000000000
000000000
000000000
000000000
000000000
000000000
000000000
000000000
000000000
000000000
000000000
000000000
000000000
000000000
000000000
000000000
000000000
000000000
000000000
000000000
000000000
000000000
000000000
000000000
000000000
000000000
00002828f
000000000
000000000
000000000
00002929f
000000000
000000000
000000000
00002a2af
000000000
000000000
000000000
00002b2bf
000000000
000000000
000000000
00002c2cf
000000000
000000000
000000000
00002d2df
000000000
000000000
000000000
00002e2ef
000000000
000000000
000000000
00002f2ff
000000000
000000000
000000000
00003030f
000000000
000000000
000000000
00003131f
000000000
000000000
000000000
000000000
000000000
000000000
000000000
000000000
000000000
000000000
000000000
000000000
000000000
000000000
000000000
000000000
000000000
000000000
000000000
000000000
000000000
000000000
000000000
000000000
000000000
000000000
000000000
000000000
000000000
000000000
000000000
000000000
000000000
000000000
000000000
000000000
000000000
000000000
000000000
000000000
000000000
000000000
000000000
000000000
000000000
000000000
000000000
000000000
000000000
000000000
000000000
000000000
000000000
000000000
000000000
000000000
000000000
000000000
000000000
000000000
00003232f
000000000
000000000
000000000
00003333f
000000000
000000000
000000000
00003434f
000000000
000000000
000000000
00003535f
000000000
000000000
000000000
00003636f
000000000
000000000
000000000
00003737f
000000000
000000000
000000000
00003838f
000000000
000000000
000000000
00003939f
000000000
000000000
000000000
00003a3af
000000000
000000000
000000000
00003b3bf
000000000
000000000
000000000
000000000
000000000
000000000
000000000
000000000
000000000
000000000
000000000
000000000
000000000
000000000
000000000
000000000
000000000
000000000
000000000
000000000
000000000
000000000
000000000
000000000
000000000
000000000
000000000
000000000
000000000
000000000
000000000
000000000
000000000
000000000
000000000
000000000
000000000
000000000
000000000
000000000
000000000
000000000
000000000
000000000
000000000
000000000
000000000
000000000
000000000
000000000
000000000
000000000
000000000
000000000
000000000
000000000
000000000
000000000
000000000
000000000
000000000
000000000
000000000
000000000
000000000
000000000
000000000
000000000
000000000
000000000
000000000
000000000
000000000
000000000
000000000
00003c3cf
000000000
000000000
000000000
00003d3df
000000000
000000000
000000000
00003e3ef
000000000
000000000
000000000
00003f3ff
000000000
000000000
000000000
00004000f
000000000
000000000
000000000
00004101f
000000000
000000000
000000000
00004202f
000000000
000000000
000000000
00004303f
000000000
000000000
000000000
00004404f
000000000
000000000
000000000
00004505f
000000000
000000000
000000000
000000000
000000000
000000000
000000000
000000000
000000000
000000000
000000000
000000000
000000000
000000000
000000000
000000000
000000000
000000000
000000000
000000000
000000000
000000000
000000000
000000000
000000000
000000000
000000000
000000000
000000000
000000000
000000000
000000000
000000000
000000000
000000000
000000000
000000000
000000000
000000000
000000000
000000000
000000000
000000000
000000000
000000000
000000000
000000000
000000000
000000000
000000000
000000000
000000000
000000000
000000000
000000000
000000000
000000000
000000000
000000000
000000000
00004606f
000000000
000000000
000000000
00004707f
000000000
000000000
000000000
00004808f
000000000
000000000
000000000
00004909f
000000000
000000000
000000000
00004a0af
000000000
000000000
000000000
00004b0bf
000000000
000000000
000000000
00004c0cf
000000000
000000000
000000000
00004d0df
000000000
000000000
000000000
00004e0ef
000000000
000000000
000000000
00004f0ff
000000000
000000000
000000000
000000000
000000000
000000000
000000000
000000000
000000000
000000000
000000000
000000000
000000000
000000000
000000000
000000000
000000000
000000000
000000000
000000000
000000000
000000000
000000000
000000000
000000000
000000000
000000000
000000000
000000000
000000000
000000000
000000000
000000000
000000000
000000000
000000000
000000000
000000000
000000000
000000000
000000000
000000000
000000000
000000000
000000000
000000000
000000000
000000000
000000000
000000000
000000000
000000000
000000000
000000000
000000000
000000000
000000000
000000000
000000000
000000000
000000000
000000000
000000000
000000000
000000000
000000000
000000000
000000000
000000000
000000000
000000000
000000000
000000000
000000000
000000000
00005010f
000000000
000000000
000000000
00005111f
000000000
000000000
000000000
00005212f
000000000
000000000
000000000
00005313f
000000000
000000000
000000000
00005414f
000000000
000000000
000000000
00005515f
000000000
000000000
000000000
00005616f
000000000
000000000
000000000
00005717f
000000000
000000000
000000000
00005818f
000000000
000000000
000000000
00005919f
000000000
000000000
000000000
000000000
000000000
000000000
000000000
000000000
000000000
000000000
000000000
000000000
000000000
000000000
000000000
000000000
000000000
000000000
000000000
000000000
000000000
000000000
000000000
000000000
000000000
000000000
000000000
000000000
000000000
000000000
000000000
000000000
000000000
000000000
000000000
000000000
000000000
000000000
000000000
000000000
000000000
000000000
000000000
000000000
000000000
000000000
000000000
000000000
000000000
000000000
000000000
000000000
000000000
000000000
000000000
000000000
000000000
000000000
000000000
000000000
00005a1af
000000000
000000000
000000000
00005b1bf
000000000
000000000
000000000
00005c1cf
000000000
000000000
000000000
00005d1df
000000000
000000000
000000000
00005e1ef
000000000
000000000
000000000
00005f1ff
000000000
000000000
000000000
00006020f
000000000
000000000
000000000
00006121f
000000000
000000000
000000000
00006222f
000000000
000000000
000000000
00006323f
000000000
000000000
000000000
000000000
000000000
000000000
000000000
000000000
000000000
000000000
000000000
000000000
000000000
000000000
000000000
000000000
000000000
000000000
000000000
000000000
000000000
000000000
000000000
000000000
000000000
000000000
000000000
000000000
000000000
000000000
000000000
000000000
000000000
000000000
000000000
000000000
000000000
000000000
000000000
000000000
000000000
000000000
000000000
000000000
000000000
000000000
000000000
000000000
000000000
000000000
000000000
000000000
000000000
000000000
000000000
000000000
000000000
000000000
000000000
000000000
000000000
000000000
000000000
000000000
000000000
000000000
000000000
000000000
000000000
000000000
000000000
000000000
000000000
000000000
000000000
00006424f
000000000
000000000
000000000
00006525f
000000000
000000000
000000000
00006626f
000000000
000000000
000000000
00006727f
000000000
000000000
000000000
00006828f
000000000
000000000
000000000
00006929f
000000000
000000000
000000000
00006a2af
000000000
000000000
000000000
00006b2bf
000000000
000000000
000000000
00006c2cf
000000000
000000000
000000000
00006d2df
000000000
000000000
000000000
000000000
000000000
000000000
000000000
000000000
000000000
000000000
000000000
000000000
000000000
000000000
000000000
000000000
000000000
000000000
000000000
000000000
000000000
000000000
000000000
000000000
000000000
000000000
000000000
000000000
000000000
000000000
000000000
000000000
000000000
000000000
000000000
000000000
000000000
000000000
000000000
000000000
000000000
000000000
000000000
000000000
000000000
000000000
000000000
000000000
000000000
000000000
000000000
000000000
000000000
000000000
000000000
000000000
000000000
000000000
000000000
000000000
00006e2ef
000000000
000000000
000000000
00006f2ff
000000000
000000000
000000000
00007030f
000000000
000000000
000000000
00007131f
000000000
000000000
000000000
00007232f
000000000
000000000
000000000
00007333f
000000000
000000000
000000000
00007434f
000000000
000000000
000000000
00007535f
000000000
000000000
000000000
00007636f
000000000
000000000
000000000
00007737f
000000000
000000000
000000000
000000000
000000000
000000000
000000000
000000000
000000000
000000000
000000000
000000000
000000000
000000000
000000000
000000000
000000000
000000000
000000000
000000000
000000000
000000000
000000000
000000000
000000000
000000000
000000000
000000000
000000000
000000000
000000000
000000000
000000000
000000000
000000000
000000000
000000000
000000000
000000000
000000000
000000000
000000000
000000000
000000000
000000000
000000000
000000000
000000000
000000000
000000000
000000000
000000000
000000000
000000000
000000000
000000000
000000000
000000000
000000000
000000000
000000000
000000000
000000000
000000000
000000000
000000000
000000000
000000000
000000000
000000000
000000000
000000000
000000000
000000000
000000000
00007838f
000000000
000000000
000000000
00007939f
000000000
000000000
000000000
00007a3af
000000000
000000000
000000000
00007b3bf
000000000
000000000
000000000
00007c3cf
000000000
000000000
000000000
00007d3df
000000000
000000000
000000000
00007e3ef
000000000
000000000
000000000
00007f3ff
000000000
000000000
000000000
00008000f
000000000
000000000
000000000
00008101f
000000000
000000000
000000000
000000000
000000000
000000000
000000000
000000000
000000000
000000000
000000000
000000000
000000000
000000000
000000000
000000000
000000000
000000000
000000000
000000000
000000000
000000000
000000000
000000000
000000000
000000000
000000000
000000000
000000000
000000000
000000000
000000000
000000000
000000000
000000000
000000000
000000000
000000000
000000000
000000000
000000000
000000000
000000000
000000000
000000000
000000000
000000000
000000000
000000000
000000000
000000000
000000000
000000000
000000000
000000000
000000000
000000000
000000000
000000000
000000000
00008202f
000000000
000000000
000000000
00008303f
000000000
000000000
000000000
00008404f
000000000
000000000
000000000
00008505f
000000000
000000000
000000000
00008606f
000000000
000000000
000000000
00008707f
000000000
000000000
000000000
00008808f
000000000
000000000
000000000
00008909f
000000000
000000000
000000000
00008a0af
000000000
000000000
000000000
00008b0bf
000000000
000000000
000000000
000000000
000000000
000000000
000000000
000000000
000000000
000000000
000000000
000000000
000000000
000000000
000000000
000000000
000000000
000000000
000000000
000000000
000000000
000000000
000000000
000000000
000000000
000000000
000000000
000000000
000000000
000000000
000000000
000000000
000000000
000000000
000000000
000000000
000000000
000000000
000000000
000000000
000000000
000000000
000000000
000000000
000000000
000000000
000000000
000000000
000000000
000000000
000000000
000000000
000000000
000000000
000000000
000000000
000000000
000000000
000000000
000000000
000000000
000000000
000000000
000000000
000000000
000000000
000000000
000000000
000000000
000000000
000000000
000000000
000000000
000000000
000000000
00008c0cf
000000000
000000000
000000000
00008d0df
000000000
000000000
000000000
00008e0ef
000000000
000000000
000000000
00008f0ff
000000000
000000000
000000000
00009010f
000000000
000000000
000000000
00009111f
000000000
000000000
000000000
00009212f
000000000
000000000
000000000
00009313f
000000000
000000000
000000000
00009414f
000000000
000000000
000000000
00009515f
000000000
000000000
000000000
000000000
000000000
000000000
000000000
000000000
000000000
000000000
000000000
000000000
000000000
000000000
000000000
000000000
000000000
000000000
000000000
000000000
000000000
000000000
000000000
000000000
000000000
000000000
000000000
000000000
000000000
000000000
000000000
000000000
000000000
000000000
000000000
000000000
000000000
000000000
000000000
000000000
000000000
000000000
000000000
000000000
000000000
000000000
000000000
000000000
000000000
000000000
000000000
000000000
000000000
000000000
000000000
000000000
000000000
000000000
000000000
000000000
00009616f
000000000
000000000
000000000
00009717f
000000000
000000000
000000000
00009818f
000000000
000000000
000000000
00009919f
000000000
000000000
000000000
00009a1af
000000000
000000000
000000000
00009b1bf
000000000
000000000
000000000
00009c1cf
000000000
000000000
000000000
00009d1df
000000000
000000000
000000000
00009e1ef
000000000
000000000
000000000
00009f1ff
000000000
000000000
000000000
000000000
000000000
000000000
000000000
000000000
000000000
000000000
000000000
000000000
000000000
000000000
000000000
000000000
000000000
000000000
000000000
000000000
000000000
000000000
000000000
000000000
000000000
000000000
000000000
000000000
000000000
000000000
000000000
000000000
000000000
000000000
000000000
000000000
000000000
000000000
000000000
000000000
000000000
000000000
000000000
000000000
000000000
000000000
000000000
000000000
000000000
000000000
000000000
000000000
000000000
000000000
000000000
000000000
000000000
000000000
000000000
000000000
000000000
000000000
000000000
000000000
000000000
000000000
000000000
000000000
000000000
000000000
000000000
000000000
000000000
000000000
000000000
0000a020f
000000000
000000000
000000000
0000a121f
000000000
000000000
000000000
0000a222f
000000000
000000000
000000000
0000a323f
000000000
000000000
000000000
0000a424f
000000000
000000000
000000000
0000a525f
000000000
000000000
000000000
0000a626f
000000000
000000000
000000000
0000a727f
000000000
000000000
000000000
0000a828f
000000000
000000000
000000000
0000a929f
000000000
000000000
000000000
000000000
000000000
000000000
000000000
000000000
000000000
000000000
000000000
000000000
000000000
000000000
000000000
000000000
000000000
000000000
000000000
000000000
000000000
000000000
000000000
000000000
000000000
000000000
000000000
000000000
000000000
000000000
000000000
000000000
000000000
000000000
000000000
000000000
000000000
000000000
000000000
000000000
000000000
000000000
000000000
000000000
000000000
000000000
000000000
000000000
000000000
000000000
000000000
000000000
000000000
000000000
000000000
000000000
000000000
000000000
000000000
000000000
0000aa2af
000000000
000000000
000000000
0000ab2bf
000000000
000000000
000000000
0000ac2cf
000000000
000000000
000000000
0000ad2df
000000000
000000000
000000000
0000ae2ef
000000000
000000000
000000000
0000af2ff
000000000
000000000
000000000
0000b030f
000000000
000000000
000000000
0000b131f
000000000
000000000
000000000
0000b232f
000000000
000000000
000000000
0000b333f
000000000
000000000
000000000
000000000
000000000
000000000
000000000
000000000
000000000
000000000
000000000
000000000
000000000
000000000
000000000
000000000
000000000
000000000
000000000
000000000
000000000
000000000
000000000
000000000
000000000
000000000
000000000
000000000
000000000
000000000
000000000
000000000
000000000
000000000
000000000
000000000
000000000
000000000
000000000
000000000
000000000
000000000
000000000
000000000
000000000
000000000
000000000
000000000
000000000
000000000
000000000
000000000
000000000
000000000
000000000
000000000
000000000
000000000
000000000
000000000
000000000
000000000
000000000
000000000
000000000
000000000
000000000
000000000
000000000
000000000
000000000
000000000
000000000
000000000
000000000
0000b434f
000000000
000000000
000000000
0000b535f
000000000
000000000
000000000
0000b636f
000000000
000000000
000000000
0000b737f
000000000
000000000
000000000
0000b838f
000000000
000000000
000000000
0000b939f
000000000
000000000
000000000
0000ba3af
000000000
000000000
000000000
0000bb3bf
000000000
000000000
000000000
0000bc3cf
000000000
000000000
000000000
0000bd3df
000000000
000000000
000000000
000000000
000000000
000000000
000000000
000000000
000000000
000000000
000000000
000000000
000000000
000000000
000000000
000000000
000000000
000000000
000000000
000000000
000000000
000000000
000000000
000000000
000000000
000000000
000000000
000000000
000000000
000000000
000000000
000000000
000000000
000000000
000000000
000000000
000000000
000000000
000000000
000000000
000000000
000000000
000000000
000000000
000000000
000000000
000000000
000000000
000000000
000000000
000000000
000000000
000000000
000000000
000000000
000000000
000000000
000000000
000000000
000000000
0000be3ef
000000000
000000000
000000000
0000bf3ff
000000000
000000000
000000000
0000c000f
000000000
000000000
000000000
0000c101f
000000000
000000000
000000000
0000c202f
000000000
000000000
000000000
0000c303f
000000000
000000000
000000000
0000c404f
000000000
000000000
000000000
0000c505f
000000000
000000000
000000000
0000c606f
000000000
000000000
000000000
0000c707f
000000000
000000000
000000000
000000000
000000000
000000000
000000000
000000000
000000000
000000000
000000000
000000000
000000000
000000000
000000000
000000000
000000000
000000000
000000000
000000000
000000000
000000000
000000000
000000000
000000000
000000000
000000000
000000000
000000000
000000000
000000000
000000000
000000000
000000000
000000000
000000000
000000000
000000000
000000000
000000000
000000000
000000000
000000000
0000c808f
000000000
000000000
000000000
0000c909f
000000000
000000000
000000000
0000ca0af
000000000
000000000
000000000
0000cb0bf
000000000
000000000
000000000
0000cc0cf
000000000
000000000
000000000
0000cd0df
000000000
000000000
000000000
0000ce0ef
000000000
000000000
000000000
0000cf0ff
000000000
000000000
000000000
0000d010f
000000000
000000000
000000000
0000d111f
000000000
000000000
000000000
000000000
000000000
000000000
000000000
000000000
000000000
000000000
000000000
000000000
000000000
000000000
000000000
000000000
000000000
000000000
000000000
000000000
000000000
000000000
0000d212f
000000000
000000000
000000000
0000d313f
000000000
000000000
000000000
0000d414f
000000000
000000000
000000000
0000d515f
000000000
000000000
000000000
0000d616f
000000000
000000000
000000000
0000d717f
000000000
000000000
000000000
0000d818f
000000000
000000000
000000000
0000d919f
000000000
000000000
000000000
0000da1af
000000000
000000000
000000000
0000db1bf
000000000
000000000
000000000
000000000
000000000
000000000
000000000
000000000
000000000
000000000
000000000
000000000
000000000
000000000
000000000
000000000
000000000
000000000
000000000
000000000
000000000
000000000
0000dc1cf
000000000
000000000
000000000
0000dd1df
000000000
000000000
000000000
0000de1ef
000000000
000000000
000000000
0000df1ff
000000000
000000000
000000000
0000e020f
000000000
000000000
000000000
0000e121f
000000000
000000000
000000000
0000e222f
000000000
000000000
000000000
0000e323f
000000000
000000000
000000000
0000e424f
000000000
000000000
000000000
0000e525f
000000000
000000000
000000000
000000000
000000000
000000000
000000000
000000000
000000000
000000000
000000000
000000000
000000000
000000000
000000000
000000000
000000000
000000000
000000000
000000000
000000000
000000000
0000e626f
000000000
000000000
000000000
0000e727f
000000000
000000000
000000000
0000e828f
000000000
000000000
000000000
0000e929f
000000000
000000000
000000000
0000ea2af
000000000
000000000
000000000
0000eb2bf
000000000
000000000
000000000
0000ec2cf
000000000
000000000
000000000
0000ed2df
000000000
000000000
000000000
0000ee2ef
000000000
000000000
000000000
0000ef2ff
000000000
000000000
000000000
000000000
000000000
000000000
000000000
000000000
000000000
000000000
000000000
000000000
000000000
000000000
000000000
000000000
000000000
000000000
000000000
000000000
000000000
000000000
0000f030f
000000000
000000000
000000000
0000f131f
000000000
000000000
000000000
0000f232f
000000000
000000000
000000000
0000f333f
000000000
000000000
000000000
0000f434f
000000000
000000000
000000000
0000f535f
000000000
000000000
000000000
0000f636f
000000000
000000000
000000000
0000f737f
000000000
000000000
000000000
0000f838f
000000000
000000000
000000000
0000f939f
000000000
000000000
000000000
000000000
000000000
000000000
000000000
000000000
000000000
000000000
000000000
000000000
000000000
000000000
000000000
000000000
000000000
000000000
000000000
000000000
000000000
000000000
0000fa3af
000000000
000000000
000000000
0000fb3bf
000000000
000000000
000000000
0000fc3cf
000000000
000000000
000000000
0000fd3df
000000000
000000000
000000000
0000fe3ef
000000000
000000000
000000000
0000ff3ff
000000000
