00000000
00000000
00000000
00000000
00000000
00000000
00000000
00000000
00000000
00000000
00000000
01002004
00000000
01206044
00000000
0140a084
00000000
0160e0c4
00000000
04e403e4
01812104
00000000
00000000
05044424
01a16144
05248464
00000000
0544c4a4
00000000
00000000
056504e4
01c1a184
08c7e7c4
08e82804
05854524
00000000
00000000
00000000
00000000
00000000
0928a884
05a58564
00000000
00000000
00000000
00000000
09086844
0948e8c4
00000000
00000000
00000000
00000000
00000000
00000000
09692904
00000000
0cabcba4
00000000
00000000
00000000
00000000
09896944
0ccc0be4
0cec4c24
00000000
00000000
0d0c8c64
00000000
00000000
0d2ccca4
108faf84
00000000
10afefc4
0d4d0ce4
10d03004
00000000
00000000
00000000
10f07044
1110b084
00000000
00000000
0d6d4d24
14739364
00000000
1130f0c4
00000000
00000000
1493d3a4
14b413e4
00000000
00000000
14d45424
00000000
02e201e2
11513104
18577744
14f49464
1877b784
00000000
1514d4a4
00000000
1897f7c4
00000000
00000000
00000000
03024222
153514e4
00000000
18b83804
18d87844
00000000
00000000
036302e2
00000000
1c3b5b24
18f8b884
00000000
03228262
00000000
00000000
1c5b9b64
1c7bdba4
00000000
00000000
1918f8c4
00000000
00000000
1cbc5c24
00000000
0342c2a2
1c9c1be4
00000000
00000000
00000000
00000000
00000000
03834322
1cdc9c64
00000000
00000000
00000000
06c5e5c2
00000000
03a38362
1cfcdca4
00000000
00000000
00000000
00000000
00000000
00000000
00000000
00000000
06e62602
00000000
00000000
00000000
00000000
00000000
00000000
0746e6c2
00000000
00000000
00000000
00000000
07066642
00000000
00000000
00000000
00000000
00000000
00000000
00000000
00000000
00000000
00000000
00000000
0726a682
00000000
00000000
00000000
00000000
00000000
00000000
07672702
00000000
00000000
00000000
00000000
0aa9c9a2
00000000
00000000
07876742
00000000
00000000
00000000
00000000
00000000
00000000
00000000
00000000
0aca09e2
00000000
00000000
00000000
00000000
00000000
00000000
0b2acaa2
00000000
00000000
00000000
00000000
0aea4a22
00000000
00000000
00000000
00000000
00000000
00000000
00000000
00000000
00000000
00000000
00000000
0b0a8a62
00000000
00000000
001f3f04
00000000
00000000
00000000
0b4b0ae2
003f7f44
00000000
00000000
00000000
0e8dad82
005fbf84
007fffc4
0b6b4b22
00802004
00000000
00000000
00000000
00000000
00a06044
00000000
00000000
0eadedc2
00000000
00000000
00000000
00c0a084
00000000
00000000
0f0eae82
00000000
00000000
00000000
00000000
0ece2e02
00000000
00000000
00000000
00000000
00000000
00000000
00000000
00000000
00000000
00000000
00000000
0eee6e42
00000000
00000000
03e302e4
00000000
00000000
00000000
0f2eeec2
04034324
00000000
00000000
00000000
12719162
04238364
0443c3a4
0f4f2f02
046403e4
00000000
00000000
00000000
00000000
04844424
00000000
00000000
1291d1a2
00000000
00000000
00000000
04a48464
00000000
00000000
12f29262
00000000
00000000
00000000
00000000
12b211e2
00000000
00000000
00000000
00000000
00000000
00000000
00000000
00000000
00000000
00000000
00000000
12d25222
00000000
00000000
07c6e6c4
00000000
00000000
00000000
1312d2a2
07e72704
00000000
00000000
00000000
16557542
08076744
0827a784
133312e2
0847e7c4
00000000
00000000
00000000
00000000
08682804
00000000
00000000
1675b582
00000000
00000000
00000000
08886844
00000000
00000000
16d67642
00000000
00000000
00000000
00000000
1695f5c2
00000000
00000000
00000000
00000000
00000000
00000000
00000000
00000000
00000000
00000000
00000000
16b63602
00000000
00000000
0baacaa4
00000000
00000000
00000000
16f6b682
0bcb0ae4
00000000
00000000
00000000
1a395922
0beb4b24
0c0b8b64
1716f6c2
0c2bcba4
00000000
00000000
00000000
00000000
0c4c0be4
00000000
00000000
1a599962
00000000
00000000
00000000
0c6c4c24
00000000
00000000
1aba5a22
00000000
00000000
00000000
1a79d9a2
00000000
00000000
00000000
00000000
00000000
00000000
00000000
00000000
00000000
00000000
00000000
1a9a19e2
00000000
00000000
0f8eae84
00000000
00000000
0faeeec4
1ada9a62
00000000
00000000
0fcf2f04
00000000
1e1d3d02
100faf84
1afadaa2
0fef6f44
00000000
00000000
00000000
00000000
00000000
00000000
102fefc4
00000000
00000000
00000000
00000000
00000000
00000000
10503004
00000000
00000000
00000000
00000000
00000000
1e3d7d42
00000000
00000000
00000000
00000000
00000000
00000000
1e9e3e02
00000000
00000000
00000000
00000000
00000000
00000000
00000000
00000000
13729264
00000000
00000000
1392d2a4
00000000
13b312e4
00000000
00000000
13d35324
00000000
13f39364
00000000
00000000
00000000
00000000
1413d3a4
00000000
00000000
00000000
00000000
00000000
00000000
143413e4
00000000
00000000
00000000
1e5dbd82
00000000
00000000
00000000
00000000
00000000
00000000
00000000
00000000
00000000
00000000
00000000
1e7dfdc2
00000000
00000000
00000000
00000000
00000000
00000000
1ebe7e42
17567644
00000000
00000000
00000000
01e100e2
00000000
1edebe82
1776b684
00000000
00000000
00000000
00000000
1796f6c4
00000000
17d77744
00000000
02014122
17b73704
00000000
00000000
00000000
00000000
00000000
026201e2
17f7b784
00000000
00000000
00000000
02218162
00000000
00000000
1817f7c4
00000000
00000000
00000000
00000000
00000000
00000000
00000000
00000000
0241c1a2
00000000
00000000
00000000
00000000
00000000
00000000
02824222
00000000
00000000
00000000
00000000
05c4e4c2
00000000
00000000
02a28262
00000000
00000000
00000000
00000000
00000000
00000000
00000000
00000000
05e52502
00000000
00000000
00000000
00000000
00000000
00000000
0645e5c2
00000000
00000000
00000000
00000000
06056542
00000000
00000000
00000000
00000000
00000000
00000000
00000000
00000000
00000000
00000000
00000000
0625a582
00000000
00000000
1b3a5a24
00000000
00000000
1b5a9a64
06662602
1b7adaa4
00000000
00000000
00000000
09a8c8a2
1b9b1ae4
00000000
06866642
1bbb5b24
00000000
00000000
00000000
1bdb9b64
00000000
00000000
00000000
09c908e2
00000000
00000000
1bfbdba4
00000000
00000000
00000000
0a29c9a2
00000000
00000000
00000000
00000000
09e94922
00000000
00000000
00000000
00000000
00000000
00000000
00000000
00000000
00000000
00000000
00000000
0a098962
00000000
00000000
1f1e3e04
00000000
00000000
1f3e7e44
0a4a09e2
1f5ebe84
00000000
00000000
00000000
0d8cac82
1f7efec4
00000000
0a6a4a22
1f9f3f04
00000000
00000000
00000000
1fbf7f44
00000000
00000000
0dacecc2
00000000
00000000
00000000
1fdfbf84
00000000
00000000
0e0dad82
00000000
00000000
00000000
00000000
0dcd2d02
00000000
00000000
00000000
00000000
00000000
00000000
00000000
00000000
00000000
00000000
00000000
00000000
0ded6d42
00000000
00000000
00000000
00000000
00000000
00000000
0e2dedc2
00000000
02e201e4
00000000
11709062
03024224
00000000
0e4e2e02
03228264
00000000
0342c2a4
00000000
036302e4
00000000
00000000
00000000
00000000
00000000
03834324
00000000
00000000
00000000
00000000
00000000
00000000
03a38364
00000000
00000000
00000000
00000000
00000000
06c5e5c4
00000000
00000000
1190d0a2
00000000
00000000
00000000
00000000
06e62604
00000000
11f19162
00000000
00000000
07066644
0726a684
11b110e2
00000000
0746e6c4
00000000
00000000
00000000
07672704
00000000
00000000
00000000
00000000
00000000
00000000
00000000
00000000
07876744
00000000
00000000
00000000
00000000
00000000
00000000
00000000
00000000
00000000
11d15122
00000000
00000000
00000000
00000000
00000000
00000000
1211d1a2
00000000
00000000
00000000
00000000
15547442
00000000
123211e2
00000000
00000000
00000000
00000000
00000000
00000000
00000000
00000000
00000000
1574b482
00000000
00000000
00000000
0aa9c9a4
00000000
00000000
15d57542
0aca09e4
00000000
00000000
0aea4a24
00000000
0b0a8a64
00000000
0b2acaa4
00000000
00000000
00000000
00000000
0b4b0ae4
00000000
00000000
00000000
00000000
00000000
00000000
00000000
0b6b4b24
00000000
00000000
00000000
1594f4c2
00000000
00000000
00000000
00000000
00000000
00000000
00000000
00000000
00000000
00000000
15b53502
00000000
00000000
00000000
00000000
00000000
00000000
15f5b582
00000000
00000000
00000000
00000000
19385822
00000000
1615f5c2
00000000
00000000
00000000
00000000
00000000
00000000
00000000
00000000
00000000
19589862
00000000
0e8dad84
00000000
00000000
00000000
0eadedc4
19b95922
00000000
0ece2e04
00000000
00000000
1978d8a2
0f0eae84
0eee6e44
00000000
00000000
00000000
00000000
00000000
00000000
0f2eeec4
00000000
00000000
199918e2
00000000
00000000
00000000
00000000
00000000
0f4f2f04
19d99962
00000000
00000000
00000000
00000000
00000000
00000000
19f9d9a2
00000000
00000000
00000000
1d1c3c02
00000000
00000000
00000000
00000000
00000000
00000000
00000000
00000000
00000000
00000000
1d3c7c42
00000000
00000000
00000000
00000000
00000000
00000000
00000000
1d9d3d02
00000000
00000000
00000000
1d5cbc82
00000000
00000000
00000000
00000000
00000000
12719164
00000000
1291d1a4
00000000
00000000
12b211e4
1d7cfcc2
00000000
00000000
12d25224
12f29264
00000000
00e01fe2
1dbd7d42
00000000
00000000
1312d2a4
00000000
00000000
00000000
1dddbd82
00000000
00000000
133312e4
00000000
00000000
00000000
00000000
00000000
00000000
00000000
00000000
00000000
01004022
00000000
00000000
00000000
00000000
00000000
00000000
016100e2
00000000
00000000
00000000
00000000
01208062
00000000
00000000
00000000
00000000
00000000
00000000
00000000
00000000
16557544
00000000
00000000
1675b584
00000000
1695f5c4
00000000
00000000
16b63604
00000000
16d67644
00000000
00000000
00000000
00000000
16f6b684
00000000
00000000
00000000
00000000
00000000
00000000
1716f6c4
00000000
00000000
00000000
00000000
00000000
00000000
00000000
00000000
00000000
0140c0a2
00000000
00000000
00000000
00000000
00000000
00000000
01814122
00000000
00000000
00000000
00000000
04c3e3c2
00000000
01a18162
00000000
00000000
00000000
1a395924
00000000
00000000
1a599964
1a79d9a4
00000000
04e42402
00000000
1a9a19e4
00000000
1aba5a24
00000000
00000000
0544e4c2
00000000
1ada9a64
00000000
00000000
05046442
00000000
00000000
00000000
1afadaa4
00000000
00000000
00000000
00000000
00000000
00000000
00000000
0524a482
00000000
00000000
00000000
00000000
00000000
00000000
05652502
00000000
00000000
00000000
00000000
00000000
08a7c7a2
05856542
00000000
00000000
00000000
00000000
00000000
00000000
00000000
00000000
00000000
08c807e2
00000000
00000000
00000000
00000000
00000000
00000000
0928c8a2
00000000
00000000
00000000
00000000
08e84822
00000000
00000000
00000000
00000000
00000000
00000000
00000000
00000000
00000000
00000000
00000000
09088862
00000000
1e1d3d04
00000000
00000000
00000000
1e3d7d44
094908e2
00000000
1e5dbd84
00000000
00000000
00000000
0c8bab82
09694922
1e7dfdc4
00000000
00000000
1e9e3e04
00000000
00000000
00000000
1ebe7e44
00000000
0cabebc2
00000000
00000000
00000000
00000000
00000000
1edebe84
0d0cac82
00000000
00000000
00000000
00000000
0ccc2c02
00000000
00000000
00000000
00000000
00000000
00000000
00000000
00000000
00000000
00000000
00000000
0cec6c42
00000000
01e100e4
00000000
00000000
00000000
02014124
0d2cecc2
00000000
02218164
00000000
00000000
00000000
106f8f62
0d4d2d02
0241c1a4
00000000
026201e4
00000000
00000000
00000000
00000000
02824224
14537342
00000000
00000000
00000000
00000000
00000000
02a28264
00000000
00000000
00000000
00000000
00000000
00000000
00000000
00000000
00000000
00000000
00000000
00000000
108fcfa2
00000000
00000000
00000000
00000000
00000000
00000000
00000000
10f09062
00000000
00000000
00000000
10b00fe2
00000000
00000000
00000000
05c4e4c4
00000000
00000000
00000000
05e52504
06056544
00000000
00000000
0625a584
00000000
00000000
0645e5c4
00000000
00000000
00000000
00000000
06662604
00000000
00000000
00000000
09a8c8a4
00000000
00000000
06866644
00000000
00000000
09c908e4
09e94924
00000000
0a098964
00000000
00000000
10d05022
0a29c9a4
00000000
00000000
00000000
00000000
0a4a09e4
1110d0a2
00000000
00000000
00000000
00000000
1473b382
0a6a4a24
113110e2
00000000
00000000
00000000
00000000
14d47442
00000000
00000000
00000000
00000000
1493f3c2
00000000
00000000
00000000
00000000
00000000
00000000
00000000
00000000
00000000
00000000
00000000
14b43402
00000000
00000000
00000000
00000000
00000000
18375722
14f4b482
00000000
00000000
00000000
00000000
00000000
00000000
1514f4c2
00000000
00000000
00000000
18579762
00000000
00000000
00000000
00000000
00000000
00000000
18b85822
00000000
00000000
00000000
00000000
1877d7a2
00000000
00000000
00000000
00000000
00000000
00000000
00000000
00000000
00000000
00000000
00000000
189817e2
00000000
00000000
00000000
00000000
00000000
00000000
18d89862
00000000
00000000
00000000
00000000
1c1b3b02
00000000
00000000
18f8d8a2
00000000
00000000
00000000
0d8cac84
00000000
00000000
00000000
00000000
1c3b7b42
00000000
0dacecc4
0dcd2d04
0ded6d44
00000000
00000000
1c9c3c02
00000000
0e0dad84
00000000
1c5bbb82
0e2dedc4
00000000
00000000
00000000
00000000
00000000
00000000
0e4e2e04
00000000
00000000
00000000
1c7bfbc2
00000000
00000000
00000000
00000000
00000000
11709064
1cbc7c42
1190d0a4
00000000
00000000
00000000
1fff1ee2
00000000
1cdcbc82
11b110e4
11d15124
00000000
11f19164
00000000
00000000
00000000
00000000
1211d1a4
00000000
00000000
00000000
00000000
00000000
00000000
123211e4
00000000
00000000
00000000
00000000
00000000
00000000
00000000
00000000
001f5f22
00000000
00000000
00000000
00000000
00000000
00000000
00000000
00000000
00000000
00000000
00000000
003f9f62
00601fe2
00000000
00000000
00000000
00000000
00000000
00000000
00000000
15547444
00000000
00000000
00000000
1574b484
1594f4c4
00000000
00000000
15b53504
00000000
00000000
15d57544
00000000
00000000
00000000
00000000
15f5b584
00000000
00000000
00000000
19385824
00000000
00000000
1615f5c4
00000000
00000000
19589864
1978d8a4
00000000
199918e4
00000000
00000000
005fdfa2
19b95924
00000000
00000000
00000000
00000000
03c2e2c2
00804022
00000000
19d99964
00000000
00000000
00000000
00000000
00a08062
00000000
19f9d9a4
00000000
03e32302
00000000
00000000
00000000
00000000
00000000
00000000
0443e3c2
00000000
00000000
00000000
00000000
04036342
00000000
00000000
00000000
00000000
00000000
00000000
00000000
00000000
00000000
00000000
00000000
0423a382
00000000
00000000
00000000
00000000
00000000
00000000
04642402
00000000
00000000
00000000
00000000
07a6c6a2
00000000
00000000
04846442
00000000
00000000
00000000
00000000
00000000
00000000
00000000
00000000
07c706e2
00000000
00000000
00000000
00000000
00000000
00000000
0827c7a2
00000000
00000000
00000000
00000000
07e74722
00000000
00000000
00000000
00000000
00000000
00000000
00000000
00000000
00000000
00000000
00000000
08078762
00000000
00000000
00000000
00000000
00000000
00000000
084807e2
00000000
00000000
00000000
00000000
0b8aaa82
00000000
00000000
08684822
00000000
00000000
00000000
00000000
00000000
00000000
00000000
00000000
0baaeac2
00000000
00000000
00000000
00000000
00000000
00000000
0c0bab82
00000000
00000000
00000000
00000000
0bcb2b02
00000000
00000000
00000000
00000000
00000000
00000000
00000000
00000000
00000000
00000000
00000000
0beb6b42
00000000
00000000
00000000
00000000
00000000
00000000
0c2bebc2
00000000
00000000
00000000
00000000
0f6e8e62
00000000
00000000
0c4c2c02
00000000
00000000
00000000
00000000
00000000
00000000
00000000
0f8ecea2
00000000
00000000
00000000
00000000
00000000
00000000
0fef8f62
00000000
00000000
00000000
00000000
0faf0ee2
00000000
00000000
00000000
00000000
00000000
00000000
00000000
00000000
00000000
00000000
00000000
0fcf4f22
00000000
00000000
00000000
00000000
00000000
00000000
100fcfa2
00000000
00000000
00000000
00000000
00000000
00000000
10300fe2
00000000
00000000
00000000
00000000
00000000
00000000
00000000
00000000
00000000
00000000
00000000
00000000
00000000
00000000
00000000
00000000
00000000
00000000
00000000
00000000
00000000
00000000
00000000
00000000
13527242
00000000
00000000
00000000
00000000
00000000
00000000
00000000
00000000
00000000
00000000
00000000
1372b282
00000000
00000000
00000000
00000000
00000000
00000000
13d37342
00000000
00000000
00000000
00000000
1392f2c2
00000000
00000000
00000000
00000000
00000000
00000000
00000000
00000000
00000000
00000000
00000000
13b33302
00000000
00000000
00000000
00000000
00000000
00000000
13f3b382
00000000
00000000
00000000
00000000
17365622
00000000
1413f3c2
00000000
00000000
00000000
00000000
00000000
00000000
00000000
00000000
00000000
17569662
00000000
00000000
00000000
00000000
00000000
00000000
17b75722
00000000
00000000
00000000
00000000
1776d6a2
00000000
00000000
00000000
00000000
00000000
00000000
00000000
00000000
00000000
00000000
00000000
179716e2
00000000
00000000
00000000
00000000
00000000
00000000
17d79762
00000000
00000000
00000000
1b1a3a02
00000000
00000000
17f7d7a2
00000000
00000000
00000000
00000000
00000000
00000000
00000000
00000000
1b3a7a42
00000000
00000000
00000000
00000000
00000000
00000000
00000000
1b9b3b02
00000000
00000000
00000000
1b5aba82
00000000
00000000
00000000
00000000
00000000
00000000
00000000
00000000
00000000
00000000
00000000
1b7afac2
00000000
00000000
00000000
00000000
00000000
00000000
1bbb7b42
00000000
00000000
00000000
00000000
00000000
00000000
1bdbbb82
00000000
00000000
00000000
00000000
00000000
00000000
00000000
00000000
00000000
00000000
00000000
00000000
00000000
00000000
00000000
00000000
00000000
00000000
00000000
00000000
00000000
00000000
00000000
00000000
00000000
00000000
00000000
00000000
00000000
00000000
00000000
00000000
00000000
00000000
00000000
00000000
00000000
00000000
00000000
00000000
00000000
00000000
00000000
00000000
