000000000
000000000
000000000
000000000
000000000
000000000
000000000
000000000
000000000
000000000
000000000
000000000
000000000
000000000
000000000
000000000
000000000
000000000
000000000
000000000
000000000
000000000
000000000
000000000
000000000
000000000
000000000
000000000
000000000
000000000
000000000
000000000
000000000
000000000
000000000
000000000
000000000
000000000
000000000
000000000
000000000
000000000
000000000
000000000
000000000
000000000
000000000
000000000
000000000
000000000
000000000
000000000
000000000
000000000
000000000
000000000
000000000
000000000
000000000
000000000
000000000
000000000
000000000
000000000
000000000
000000000
000000000
000000000
000000000
000000000
000000000
000000000
000000000
000000000
000000000
000000000
000000000
000000000
000000000
000000000
000000000
000000000
000000000
000000000
000000000
000000000
000000000
000000000
000000000
000000000
000000000
000000000
000000000
000000000
000000000
000000000
000000000
000000000
000000000
000000000
000000000
000000000
000000000
000000000
000000000
000000000
000000000
000000000
000000000
000000000
000000000
000000000
000000000
000000000
000000000
000000000
000000000
000000000
000000000
000000000
000000000
000000000
000000000
000000000
000000000
000000000
000000000
000000000
000000000
000000000
000000000
000000000
000000000
000000000
000000000
000000000
000000000
000000000
000000000
000000000
000000000
000000000
000000000
000000000
000000000
000000000
000000000
000000000
000000000
000000000
000000000
000000000
000000000
000000000
000000000
000000000
000000000
000000000
000000000
000000000
000000000
000000000
000000000
000000000
000000000
000000000
000000000
000000000
000000000
000000000
000000000
000000000
000000000
000000000
000000000
000000000
000000000
000000000
000000000
000000000
000000000
000000000
000000000
000000000
000000000
000000000
000000063
000000000
000000000
000000000
000001067
000000000
000000000
000000000
00000206b
000000000
000000000
000000000
00000306f
000000000
000000000
000000000
000004073
000000000
000000000
000000000
000005077
000000000
000000000
000000000
00000607b
000000000
000000000
000000000
00000707f
000000000
000000000
000000000
000000000
000000000
000000000
000000000
000000000
000000000
000000000
000000000
000000000
000000000
000000000
000000000
000000000
000000000
000000000
000000000
0000080e3
000000000
000000000
000000000
0000090e7
000000000
000000000
000000000
00000a0eb
000000000
000000000
000000000
00000b0ef
000000000
000000000
000000000
00000c0f3
000000000
000000000
000000000
00000d0f7
000000000
000000000
000000000
00000e0fb
000000000
000000000
000000000
00000f0ff
000000000
000000000
000000000
000000000
000000000
000000000
000000000
000000000
000000000
000000000
000000000
000000000
000000000
000000000
000000000
000000000
000000000
000000000
000000000
000010163
000000000
000000000
000000000
000011167
000000000
000000000
000000000
00001216b
000000000
000000000
000000000
00001316f
000000000
000000000
000000000
000014173
000000000
000000000
000000000
000015177
000000000
000000000
000000000
00001617b
000000000
000000000
000000000
00001717f
000000000
000000000
000000000
000000000
000000000
000000000
000000000
000000000
000000000
000000000
000000000
000000000
000000000
000000000
000000000
000000000
000000000
000000000
000000000
0000181e3
000000000
000000000
000000000
0000191e7
000000000
000000000
000000000
00001a1eb
000000000
000000000
000000000
00001b1ef
000000000
000000000
000000000
00001c1f3
000000000
000000000
000000000
00001d1f7
000000000
000000000
000000000
00001e1fb
000000000
000000000
000000000
00001f1ff
000000000
000000000
000000000
000000000
000000000
000000000
000000000
000000000
000000000
000000000
000000000
000000000
000000000
000000000
000000000
000000000
000000000
000000000
000000000
000020263
000000000
000000000
000000000
000021267
000000000
000000000
000000000
00002226b
000000000
000000000
000000000
00002326f
000000000
000000000
000000000
000024273
000000000
000000000
000000000
000025277
000000000
000000000
000000000
00002627b
000000000
000000000
000000000
00002727f
000000000
000000000
000000000
000000000
000000000
000000000
000000000
000000000
000000000
000000000
000000000
000000000
000000000
000000000
000000000
000000000
000000000
000000000
00002b2ef
000000000
000000000
0000282e3
000000000
000000000
000000000
0000292e7
000000000
000000000
000000000
00002a2eb
000000000
000000000
000000000
000000000
000000000
000000000
000000000
000000000
000000000
000000000
00002c2f3
00002d2f7
00002e2fb
00002f2ff
000000000
000000000
000000000
000000000
000000000
000000000
000000000
000000000
000000000
000000000
000000000
000000000
000000000
000000000
000000000
000000000
000000000
000000000
000000000
000000000
000000000
000000000
000030363
000000000
000000000
000000000
000031367
000000000
000000000
000000000
000000000
00003236b
000000000
000000000
000034373
000000000
000000000
000000000
00003336f
000000000
000000000
000000000
000000000
000035377
000000000
000000000
000000000
00003637b
000000000
000000000
000000000
00003737f
000000000
000000000
000000000
000000000
000000000
000000000
000000000
000000000
000000000
000000000
000000000
000000000
000000000
000000000
000000000
000000000
000000000
000000000
000000000
000000000
000000000
000000000
000000000
000000000
000000000
000000000
000000000
000000000
000000000
000000000
000000000
000000000
000000000
000000000
000000000
000000000
000000000
000000000
000000000
000000000
000000000
000000000
000000000
000000000
000000000
000000000
000000000
000000000
000000000
000000000
000000000
000000000
000000000
000000000
000000000
000000000
000000000
000000000
000000000
0000383e3
000000000
000000000
000000000
0000393e7
000000000
000000000
000000000
00003a3eb
000000000
000000000
000000000
00003b3ef
000000000
000000000
000000000
00003c3f3
000000000
000000000
000000000
00003d3f7
000000000
000000000
000000000
00003e3fb
000000000
000000000
000000000
00003f3ff
000000000
000000000
000000000
000000000
000000000
000000000
000000000
000000000
000000000
000000000
000000000
000000000
000000000
000000000
000000000
000000000
000000000
000000000
000000000
000040063
000000000
000000000
000000000
000041067
000000000
000000000
000000000
00004206b
000000000
000000000
000000000
00004306f
000000000
000000000
000000000
000044073
000000000
000000000
000000000
000045077
000000000
000000000
000000000
00004607b
000000000
000000000
000000000
00004707f
000000000
000000000
000000000
000000000
000000000
000000000
000000000
000000000
000000000
000000000
000000000
000000000
000000000
000000000
000000000
000000000
000000000
000000000
000000000
0000480e3
000000000
000000000
000000000
0000490e7
000000000
000000000
000000000
00004a0eb
000000000
000000000
000000000
00004b0ef
000000000
000000000
000000000
00004c0f3
000000000
000000000
000000000
00004d0f7
000000000
000000000
000000000
00004e0fb
000000000
000000000
000000000
00004f0ff
000000000
000000000
000000000
000000000
000000000
000000000
000000000
000000000
000000000
000000000
000000000
000000000
000000000
000000000
000050163
000051167
000000000
00005216b
000000000
000000000
000000000
000000000
000000000
000000000
00005316f
000054173
000000000
000000000
000000000
000055177
000000000
000000000
000000000
00005617b
000000000
000000000
000000000
00005717f
000000000
000000000
000000000
000000000
000000000
000000000
000000000
000000000
000000000
000000000
000000000
000000000
000000000
000000000
000000000
000000000
000000000
000000000
000000000
000000000
000000000
000000000
000000000
000000000
000000000
000000000
000000000
000000000
000000000
0000581e3
000000000
000000000
000000000
000000000
00005a1eb
000000000
000000000
0000591e7
000000000
000000000
000000000
00005b1ef
000000000
000000000
000000000
00005c1f3
000000000
000000000
000000000
000000000
00005d1f7
000000000
000000000
000000000
00005e1fb
000000000
000000000
000000000
00005f1ff
000000000
000000000
000000000
000000000
000000000
000000000
000000000
000000000
000000000
000000000
000000000
000000000
000000000
000000000
000000000
000000000
000000000
000000000
000000000
000000000
000000000
000000000
000000000
000000000
000000000
000000000
000000000
000000000
000000000
000000000
000000000
000000000
000000000
000000000
000000000
000000000
000000000
000000000
000000000
000000000
000000000
000000000
000000000
000000000
000000000
000060263
000000000
000000000
000000000
000061267
000000000
000000000
000000000
00006226b
000000000
000000000
000000000
00006326f
000000000
000000000
000000000
000064273
000000000
000000000
000000000
000065277
000000000
000000000
000000000
00006627b
000000000
000000000
000000000
00006727f
000000000
000000000
000000000
000000000
000000000
000000000
000000000
000000000
000000000
000000000
000000000
000000000
000000000
000000000
000000000
000000000
000000000
000000000
000000000
000000000
000000000
000000000
000000000
000000000
000000000
000000000
000000000
000000000
000000000
000000000
000000000
000000000
000000000
000000000
000000000
000000000
000000000
000000000
000000000
0000682e3
000000000
000000000
000000000
0000692e7
000000000
000000000
000000000
00006a2eb
000000000
000000000
000000000
00006b2ef
000000000
000000000
000000000
00006c2f3
000000000
000000000
000000000
00006d2f7
000000000
000000000
000000000
00006e2fb
000000000
000000000
000000000
00006f2ff
000000000
000000000
000000000
000000000
000000000
000000000
000000000
000000000
000000000
000000000
000000000
000000000
000000000
000000000
000000000
000000000
000000000
000000000
000000000
000000000
000000000
000070363
000000000
000000000
000000000
00007236b
000000000
000000000
000000000
000071367
000000000
000000000
000000000
000074373
000000000
000000000
000000000
00007336f
000000000
000000000
000000000
000000000
000000000
000000000
000000000
000000000
000000000
000075377
00007637b
000000000
00007737f
000000000
000000000
000000000
000000000
000000000
000000000
000000000
000000000
000000000
000000000
000000000
000000000
000000000
000000000
000000000
000000000
000000000
000000000
000000000
000000000
0000793e7
000000000
000000000
000000000
0000783e3
000000000
000000000
000000000
000000000
00007a3eb
000000000
000000000
00007b3ef
000000000
000000000
000000000
00007c3f3
000000000
000000000
000000000
000000000
00007e3fb
000000000
000000000
000000000
00007d3f7
000000000
000000000
000000000
00007f3ff
000000000
000000000
000000000
000000000
000000000
000000000
000000000
000000000
000000000
000000000
000000000
000000000
000000000
000000000
000000000
000000000
000000000
000000000
000000000
000000000
000000000
000000000
000000000
000000000
000000000
000000000
000000000
000000000
000000000
000000000
000000000
000000000
000000000
000000000
000000000
000000000
000000000
000000000
000000000
000000000
000000000
000000000
000000000
000000000
000000000
000000000
000000000
000000000
000000000
000000000
000000000
000080063
000000000
000000000
000000000
000081067
000000000
000000000
000000000
00008206b
000000000
000000000
000000000
00008306f
000000000
000000000
000000000
000084073
000000000
000000000
000000000
000085077
000000000
000000000
000000000
00008607b
000000000
000000000
000000000
00008707f
000000000
000000000
000000000
000000000
000000000
000000000
000000000
000000000
000000000
000000000
000000000
000000000
000000000
000000000
000000000
000000000
000000000
000000000
000000000
000000000
0000880e3
000000000
000000000
0000890e7
000000000
000000000
000000000
00008a0eb
000000000
000000000
000000000
00008b0ef
000000000
000000000
000000000
00008c0f3
000000000
000000000
000000000
00008d0f7
000000000
000000000
000000000
00008e0fb
000000000
000000000
000000000
00008f0ff
000000000
000000000
000000000
000000000
000000000
000000000
000000000
000000000
000000000
000000000
000000000
000000000
000000000
000000000
000000000
000000000
000000000
000000000
000000000
000000000
000090163
000000000
000000000
000091167
000000000
000000000
000000000
00009216b
000000000
000000000
000000000
00009316f
000000000
000000000
000000000
000094173
000000000
000000000
000000000
000095177
000000000
000000000
000000000
00009617b
000000000
000000000
000000000
00009717f
000000000
000000000
000000000
000000000
000000000
000000000
000000000
000000000
000000000
000000000
000000000
000000000
000000000
000000000
000000000
000000000
0000981e3
0000991e7
000000000
000000000
00009a1eb
00009b1ef
00009c1f3
000000000
000000000
00009d1f7
00009e1fb
000000000
00009f1ff
000000000
000000000
000000000
000000000
000000000
000000000
000000000
000000000
000000000
000000000
000000000
000000000
000000000
000000000
000000000
000000000
000000000
000000000
000000000
000000000
000000000
000000000
000000000
000000000
000000000
000000000
000000000
000000000
000000000
000000000
000000000
000000000
000000000
000000000
000000000
000000000
000000000
000000000
000000000
000000000
000000000
000000000
000000000
000000000
000000000
000000000
000000000
000000000
000000000
000000000
000000000
000000000
000000000
000000000
000000000
000000000
000000000
000000000
000000000
000000000
000000000
000000000
000000000
000000000
000000000
000000000
000000000
000000000
000000000
000000000
000000000
000000000
000000000
000000000
000000000
000000000
000000000
000000000
000000000
000000000
0000a0263
000000000
000000000
000000000
0000a1267
000000000
000000000
000000000
0000a226b
000000000
000000000
000000000
0000a326f
000000000
000000000
000000000
0000a4273
000000000
000000000
000000000
0000a5277
000000000
000000000
000000000
0000a627b
000000000
000000000
000000000
0000a727f
000000000
000000000
000000000
000000000
000000000
000000000
000000000
000000000
000000000
000000000
000000000
000000000
000000000
0000a92e7
000000000
0000a82e3
0000aa2eb
000000000
000000000
0000ab2ef
000000000
000000000
000000000
0000ac2f3
000000000
000000000
000000000
0000ad2f7
000000000
000000000
000000000
0000ae2fb
000000000
000000000
000000000
0000af2ff
000000000
000000000
000000000
000000000
000000000
000000000
000000000
000000000
000000000
000000000
000000000
000000000
000000000
000000000
000000000
000000000
000000000
000000000
000000000
000000000
000000000
0000b0363
000000000
000000000
000000000
0000b236b
000000000
000000000
000000000
0000b1367
000000000
000000000
000000000
0000b4373
000000000
000000000
000000000
0000b336f
000000000
000000000
000000000
000000000
000000000
000000000
000000000
000000000
0000b5377
0000b637b
0000b737f
000000000
000000000
000000000
000000000
000000000
000000000
000000000
000000000
000000000
000000000
000000000
000000000
000000000
0000b83e3
0000b93e7
0000ba3eb
0000bb3ef
000000000
000000000
0000bc3f3
0000bd3f7
0000be3fb
0000bf3ff
000000000
000000000
000000000
000000000
000000000
000000000
000000000
000000000
000000000
000000000
000000000
000000000
000000000
000000000
000000000
000000000
000000000
000000000
000000000
000000000
000000000
000000000
000000000
000000000
000000000
000000000
000000000
000000000
000000000
000000000
000000000
000000000
000000000
000000000
000000000
000000000
000000000
000000000
000000000
000000000
000000000
000000000
000000000
000000000
000000000
000000000
000000000
000000000
000000000
000000000
000000000
000000000
000000000
000000000
000000000
000000000
000000000
000000000
000000000
000000000
000000000
000000000
000000000
000000000
000000000
000000000
000000000
000000000
000000000
000000000
000000000
000000000
000000000
000000000
000000000
000000000
000000000
000000000
000000000
000000000
0000c0063
000000000
000000000
000000000
0000c1067
000000000
000000000
000000000
0000c206b
000000000
000000000
000000000
0000c306f
000000000
000000000
000000000
0000c4073
000000000
000000000
000000000
0000c5077
000000000
000000000
000000000
0000c607b
000000000
000000000
000000000
0000c707f
000000000
000000000
000000000
000000000
000000000
000000000
000000000
000000000
000000000
000000000
000000000
000000000
000000000
000000000
000000000
0000c80e3
000000000
000000000
000000000
0000c90e7
000000000
000000000
000000000
0000ca0eb
000000000
000000000
000000000
0000cb0ef
000000000
000000000
000000000
0000cc0f3
000000000
000000000
000000000
0000cd0f7
000000000
000000000
000000000
0000ce0fb
000000000
000000000
000000000
0000cf0ff
000000000
000000000
000000000
000000000
000000000
000000000
000000000
000000000
000000000
000000000
000000000
000000000
000000000
000000000
000000000
000000000
000000000
000000000
000000000
0000d0163
000000000
000000000
000000000
0000d1167
000000000
000000000
000000000
0000d216b
000000000
000000000
000000000
0000d316f
000000000
000000000
000000000
0000d4173
000000000
000000000
000000000
0000d5177
000000000
000000000
000000000
0000d617b
000000000
000000000
000000000
000000000
000000000
000000000
000000000
000000000
0000d717f
000000000
000000000
000000000
000000000
000000000
000000000
000000000
000000000
000000000
0000d81e3
0000d91e7
0000da1eb
0000db1ef
000000000
0000dc1f3
0000dd1f7
0000de1fb
000000000
000000000
000000000
0000df1ff
000000000
000000000
000000000
000000000
000000000
000000000
000000000
000000000
000000000
000000000
000000000
000000000
000000000
000000000
000000000
000000000
000000000
000000000
000000000
000000000
000000000
000000000
000000000
000000000
000000000
000000000
000000000
000000000
000000000
000000000
000000000
000000000
000000000
000000000
000000000
000000000
000000000
000000000
000000000
0000e0263
000000000
000000000
000000000
0000e1267
000000000
000000000
000000000
0000e226b
000000000
000000000
000000000
0000e326f
000000000
000000000
000000000
0000e4273
000000000
000000000
000000000
0000e5277
000000000
000000000
000000000
0000e627b
000000000
000000000
000000000
0000e727f
000000000
000000000
000000000
000000000
000000000
000000000
000000000
000000000
000000000
000000000
000000000
000000000
000000000
000000000
000000000
000000000
000000000
000000000
000000000
000000000
000000000
000000000
000000000
000000000
000000000
000000000
000000000
000000000
000000000
000000000
000000000
000000000
000000000
000000000
000000000
000000000
000000000
000000000
000000000
000000000
000000000
000000000
000000000
000000000
000000000
0000e82e3
000000000
000000000
000000000
0000e92e7
000000000
000000000
000000000
0000ea2eb
000000000
000000000
000000000
0000eb2ef
000000000
000000000
000000000
0000ec2f3
000000000
000000000
000000000
0000ed2f7
000000000
000000000
000000000
000000000
000000000
000000000
000000000
000000000
000000000
0000ee2fb
0000ef2ff
000000000
000000000
000000000
000000000
000000000
000000000
000000000
000000000
000000000
000000000
000000000
000000000
0000f0363
0000f1367
0000f236b
0000f336f
0000f4373
0000f5377
0000f637b
0000f737f
000000000
000000000
000000000
000000000
000000000
000000000
000000000
000000000
000000000
000000000
000000000
000000000
000000000
000000000
000000000
000000000
000000000
000000000
000000000
000000000
000000000
000000000
000000000
000000000
000000000
000000000
000000000
000000000
000000000
000000000
000000000
000000000
000000000
000000000
000000000
000000000
000000000
000000000
000000000
0000f83e3
0000f93e7
0000fa3eb
0000fb3ef
0000fc3f3
0000fd3f7
0000fe3fb
0000ff3ff
000000000
