00000000
00000000
00000000
00000000
00000000
00000000
00000000
00000000
00000000
00000000
00000000
00000000
00000000
00000000
00000000
00000000
00000000
00000000
00000000
00000000
00000000
00000000
00000000
00000000
00000000
00000000
00000000
00000000
00000000
00000000
00000000
00000000
00000000
00000000
00000000
00000000
00000000
00000000
00000000
00000000
00000000
00000000
00000000
00000000
00000000
21211061
00000000
00000000
00000000
00000000
00000000
21615061
00000000
00000000
00000000
00000000
00000000
21a19061
00000000
00000000
00000000
00000000
00000000
21e1d061
00000000
00000000
00000000
00000000
00000000
22221061
00000000
00000000
00000000
00000000
00000000
22625061
00000000
00000000
00000000
00000000
00000000
22a29061
00000000
00000000
00000000
00000000
00000000
22e2d061
00000000
00000000
00000000
00000000
00000000
25251061
00000000
00000000
00000000
00000000
00000000
25655061
00000000
00000000
00000000
00000000
00000000
25a59061
00000000
00000000
00000000
00000000
00000000
25e5d061
00000000
00000000
00000000
00000000
00000000
26261061
00000000
00000000
00000000
00000000
00000000
26665061
00000000
00000000
00000000
00000000
00000000
26a69061
00000000
00000000
00000000
00000000
00000000
26e6d061
00000000
00000000
00000000
00000000
00000000
29291061
00000000
00000000
00000000
00000000
00000000
29695061
00000000
00000000
00000000
23c3a009
00000000
29a99061
00000000
00000000
00000000
00000000
00000000
29e9d061
00000000
00000000
00000000
00000000
00000000
2a2a1061
00000000
00000000
00000000
00000000
00000000
2a6a5061
00000000
00000000
00000000
00000000
00000000
2aaa9061
00000000
00000000
00000000
00000000
00000000
2aead061
00000000
00000000
00000000
00000000
00000000
2d2d1061
00000000
00000000
00000000
00000000
00000000
2d6d5061
00000000
00000000
00000000
00000000
27a78009
2dad9061
00000000
00000000
00000000
00000000
00000000
2dedd061
00000000
00000000
00000000
00000000
00000000
2e2e1061
00000000
00000000
00000000
00000000
00000000
2e6e5061
00000000
00000000
00000000
00000000
00000000
2eae9061
00000000
00000000
00000000
00000000
00000000
2eeed061
00000000
00000000
00000000
00000000
00000000
31311061
00000000
00000000
00000000
00000000
00000000
31715061
00000000
00000000
00000000
00000000
2b8b6009
31b19061
00000000
00000000
00000000
00000000
00000000
31f1d061
00000000
00000000
00000000
00000000
00000000
32321061
00000000
00000000
00000000
00000000
00000000
32725061
00000000
00000000
00000000
00000000
00000000
32b29061
00000000
00000000
00000000
00000000
00000000
32f2d061
00000000
00000000
00000000
00000000
00000000
35351061
00000000
00000000
00000000
00000000
00000000
35755061
00000000
00000000
00000000
00000000
2f6f4009
35b59061
00000000
00000000
00000000
00000000
00000000
35f5d061
00000000
00000000
00000000
00000000
00000000
36361061
00000000
00000000
00000000
00000000
00000000
36765061
00000000
00000000
00000000
00000000
00000000
36b69061
00000000
00000000
00000000
00000000
00000000
36f6d061
00000000
00000000
00000000
00000000
00000000
39391061
00000000
00000000
00000000
00000000
00000000
39795061
00000000
00000000
00000000
00000000
33532009
39b99061
00000000
00000000
00000000
00000000
00000000
39f9d061
00000000
00000000
00000000
00000000
00000000
3a3a1061
00000000
00000000
00000000
00000000
00000000
3a7a5061
00000000
00000000
00000000
00000000
00000000
3aba9061
00000000
00000000
00000000
00000000
00000000
3afad061
00000000
00000000
00000000
00000000
00000000
3d3d1061
00000000
00000000
00000000
00000000
00000000
3d7d5061
00000000
00000000
00000000
00000000
37370009
3dbd9061
00000000
00000000
00000000
00000000
00000000
00000000
00000000
00000000
00000000
00000000
00000000
00000000
00000000
00000000
00000000
00000000
3dfdd061
00000000
00000000
00000000
00000000
00000000
3e3e1061
00000000
00000000
00000000
00000000
00000000
00000000
00000000
00000000
00000000
00000000
00000000
00000000
00000000
00000000
00000000
00000000
00000000
00000000
00000000
00000000
00000000
3b1ae009
00000000
00000000
00000000
00000000
00000000
00000000
00000000
00000000
00000000
00000000
00000000
00000000
3e7e5061
00000000
00000000
00000000
00000000
00000000
3ebe9061
00000000
00000000
00000000
00000000
00000000
3efed061
00000000
00000000
00000000
00000000
00000000
21211061
00000000
00000000
00000000
00000000
00000000
21615061
00000000
00000000
00000000
00000000
00000000
21a19061
00000000
00000000
00000000
00000000
00000000
21e1d061
00000000
00000000
00000000
00000000
00000000
22221061
00000000
00000000
00000000
00000000
00000000
22625061
00000000
00000000
00000000
00000000
00000000
22a29061
00000000
00000000
00000000
00000000
00000000
22e2d061
00000000
00000000
00000000
00000000
00000000
25251061
00000000
00000000
00000000
00000000
00000000
25655061
00000000
00000000
00000000
3efec009
00000000
25a59061
00000000
00000000
00000000
00000000
00000000
25e5d061
00000000
00000000
00000000
00000000
00000000
26261061
00000000
00000000
00000000
00000000
00000000
26665061
00000000
00000000
00000000
00000000
00000000
26a69061
00000000
00000000
00000000
00000000
00000000
26e6d061
00000000
00000000
00000000
00000000
00000000
29291061
00000000
00000000
00000000
00000000
00000000
29695061
00000000
00000000
00000000
00000000
22c2a009
29a99061
00000000
00000000
00000000
00000000
00000000
29e9d061
00000000
00000000
00000000
00000000
00000000
2a2a1061
00000000
00000000
00000000
00000000
00000000
2a6a5061
00000000
00000000
00000000
00000000
00000000
2aaa9061
00000000
00000000
00000000
00000000
00000000
2aead061
00000000
00000000
00000000
00000000
00000000
2d2d1061
00000000
00000000
00000000
00000000
00000000
2d6d5061
00000000
00000000
00000000
00000000
26a68009
2dad9061
00000000
00000000
00000000
00000000
00000000
2dedd061
00000000
00000000
00000000
00000000
00000000
2e2e1061
00000000
00000000
00000000
00000000
00000000
2e6e5061
00000000
00000000
00000000
00000000
00000000
2eae9061
00000000
00000000
00000000
00000000
00000000
2eeed061
00000000
00000000
00000000
00000000
00000000
31311061
00000000
00000000
00000000
00000000
00000000
31715061
00000000
00000000
00000000
00000000
2a8a6009
00000000
00000000
00000000
00000000
00000000
00000000
00000000
00000000
00000000
00000000
00000000
00000000
00000000
00000000
00000000
00000000
00000000
31b19061
00000000
00000000
00000000
00000000
00000000
00000000
31f1d061
00000000
00000000
00000000
00000000
00000000
32321061
00000000
00000000
00000000
00000000
00000000
32725061
00000000
00000000
00000000
00000000
00000000
00000000
00000000
00000000
00000000
2e6e4009
00000000
00000000
00000000
00000000
00000000
00000000
00000000
00000000
32b29061
00000000
00000000
00000000
00000000
00000000
32f2d061
00000000
00000000
00000000
00000000
00000000
35351061
00000000
00000000
00000000
00000000
00000000
35755061
00000000
00000000
00000000
00000000
00000000
35b59061
00000000
00000000
00000000
00000000
00000000
35f5d061
00000000
00000000
00000000
00000000
00000000
36765061
00000000
00000000
00000000
00000000
00000000
00000000
00000000
00000000
00000000
00000000
00000000
00000000
00000000
00000000
00000000
00000000
00000000
00000000
00000000
00000000
00000000
00000000
36361061
00000000
00000000
00000000
00000000
00000000
00000000
36b69061
00000000
00000000
32522009
00000000
00000000
36f6d061
00000000
00000000
00000000
00000000
00000000
39391061
00000000
00000000
00000000
00000000
00000000
39795061
00000000
00000000
00000000
00000000
00000000
39b99061
00000000
00000000
00000000
00000000
00000000
39f9d061
00000000
00000000
00000000
00000000
00000000
3a3a1061
00000000
00000000
00000000
00000000
00000000
3a7a5061
00000000
00000000
00000000
00000000
00000000
3aba9061
00000000
00000000
00000000
00000000
00000000
3afad061
00000000
00000000
00000000
00000000
00000000
3d3d1061
00000000
00000000
00000000
00000000
00000000
21211061
00000000
00000000
00000000
36360009
00000000
3d7d5061
00000000
00000000
00000000
00000000
00000000
3dbd9061
00000000
00000000
00000000
00000000
00000000
3dfdd061
00000000
00000000
00000000
00000000
00000000
3e3e1061
00000000
00000000
00000000
00000000
00000000
3e7e5061
00000000
00000000
00000000
00000000
00000000
3ebe9061
00000000
00000000
00000000
00000000
00000000
3efed061
00000000
00000000
00000000
00000000
00000000
21615061
00000000
00000000
00000000
3a19e009
00000000
21a19061
00000000
00000000
00000000
00000000
00000000
00000000
00000000
00000000
00000000
00000000
00000000
00000000
00000000
00000000
21e1d061
00000000
00000000
00000000
00000000
00000000
22221061
00000000
00000000
00000000
00000000
00000000
22625061
00000000
00000000
00000000
00000000
00000000
00000000
00000000
00000000
00000000
00000000
00000000
00000000
00000000
00000000
00000000
00000000
00000000
00000000
00000000
00000000
00000000
00000000
00000000
3dfdc009
00000000
00000000
00000000
00000000
00000000
00000000
00000000
00000000
00000000
22a29061
00000000
00000000
00000000
00000000
00000000
22e2d061
00000000
00000000
00000000
00000000
00000000
25251061
00000000
00000000
00000000
00000000
00000000
25655061
00000000
00000000
00000000
00000000
00000000
25a59061
00000000
00000000
00000000
00000000
00000000
25e5d061
00000000
00000000
00000000
00000000
00000000
26261061
00000000
00000000
00000000
00000000
00000000
26665061
00000000
00000000
00000000
00000000
00000000
26a69061
00000000
00000000
00000000
00000000
00000000
26e6d061
00000000
00000000
00000000
00000000
00000000
29291061
00000000
00000000
00000000
00000000
00000000
29695061
00000000
00000000
00000000
21c1a009
00000000
29a99061
00000000
00000000
00000000
00000000
00000000
29e9d061
00000000
00000000
00000000
00000000
00000000
2a2a1061
00000000
00000000
00000000
00000000
00000000
2a6a5061
00000000
00000000
00000000
00000000
00000000
2aaa9061
00000000
00000000
00000000
00000000
00000000
2aead061
00000000
00000000
00000000
00000000
00000000
2d2d1061
00000000
00000000
00000000
00000000
00000000
2d6d5061
00000000
00000000
00000000
25a58009
00000000
2dad9061
00000000
00000000
00000000
00000000
00000000
2dedd061
00000000
00000000
00000000
00000000
00000000
2e2e1061
00000000
00000000
00000000
00000000
00000000
2e6e5061
00000000
00000000
00000000
00000000
00000000
2eae9061
00000000
00000000
00000000
00000000
00000000
2eeed061
00000000
00000000
00000000
00000000
00000000
31311061
00000000
00000000
00000000
00000000
00000000
31715061
00000000
00000000
00000000
29896009
00000000
35351061
00000000
00000000
00000000
00000000
00000000
35755061
00000000
00000000
00000000
00000000
00000000
39391061
00000000
00000000
00000000
00000000
00000000
31b19061
00000000
00000000
00000000
00000000
00000000
31f1d061
00000000
00000000
00000000
00000000
00000000
32321061
00000000
00000000
00000000
00000000
00000000
32725061
00000000
00000000
00000000
00000000
00000000
00000000
00000000
00000000
00000000
2d6d4009
00000000
00000000
00000000
00000000
00000000
00000000
00000000
00000000
00000000
00000000
00000000
00000000
00000000
00000000
00000000
00000000
00000000
00000000
00000000
32b29061
00000000
00000000
00000000
00000000
00000000
32f2d061
00000000
00000000
00000000
00000000
00000000
35b59061
00000000
00000000
00000000
00000000
00000000
35f5d061
00000000
00000000
00000000
00000000
00000000
36361061
00000000
00000000
00000000
00000000
00000000
36765061
00000000
00000000
00000000
00000000
00000000
36b69061
00000000
00000000
00000000
00000000
00000000
36f6d061
00000000
00000000
00000000
00000000
00000000
39795061
00000000
00000000
00000000
00000000
00000000
39b99061
00000000
00000000
00000000
00000000
00000000
39f9d061
00000000
00000000
00000000
00000000
00000000
3a3a1061
00000000
00000000
00000000
31512009
00000000
3a7a5061
00000000
00000000
00000000
00000000
00000000
3aba9061
00000000
00000000
00000000
00000000
00000000
3afad061
00000000
00000000
00000000
00000000
00000000
3d3d1061
00000000
00000000
00000000
00000000
00000000
3d7d5061
00000000
00000000
00000000
00000000
00000000
3dbd9061
00000000
00000000
00000000
35350009
00000000
3dfdd061
00000000
00000000
00000000
00000000
00000000
3e3e1061
00000000
00000000
00000000
00000000
00000000
3e7e5061
00000000
00000000
00000000
00000000
00000000
3ebe9061
00000000
00000000
00000000
00000000
00000000
3efed061
00000000
00000000
00000000
00000000
00000000
21211061
00000000
00000000
00000000
00000000
00000000
21615061
00000000
00000000
00000000
00000000
3918e009
21a19061
00000000
00000000
00000000
00000000
00000000
25251061
00000000
00000000
00000000
00000000
00000000
00000000
00000000
00000000
00000000
00000000
00000000
00000000
00000000
00000000
21e1d061
00000000
00000000
00000000
00000000
00000000
22221061
00000000
00000000
00000000
00000000
00000000
22625061
00000000
00000000
00000000
00000000
00000000
00000000
00000000
00000000
00000000
00000000
00000000
3cfcc009
00000000
00000000
00000000
00000000
00000000
00000000
00000000
00000000
00000000
00000000
00000000
00000000
00000000
00000000
00000000
00000000
00000000
00000000
00000000
00000000
00000000
22a29061
00000000
00000000
00000000
00000000
00000000
22e2d061
00000000
00000000
00000000
00000000
00000000
25655061
00000000
00000000
00000000
00000000
00000000
25a59061
00000000
00000000
00000000
00000000
00000000
25e5d061
00000000
00000000
00000000
00000000
00000000
26261061
00000000
00000000
00000000
00000000
00000000
26665061
00000000
00000000
00000000
00000000
00000000
26a69061
00000000
00000000
00000000
00000000
00000000
26e6d061
00000000
00000000
00000000
00000000
00000000
29291061
00000000
00000000
00000000
00000000
00000000
29695061
00000000
00000000
00000000
00000000
00000000
29a99061
00000000
00000000
00000000
20c0a009
00000000
29e9d061
00000000
00000000
00000000
00000000
00000000
2a2a1061
00000000
00000000
00000000
00000000
00000000
2a6a5061
00000000
00000000
00000000
00000000
00000000
2aaa9061
00000000
00000000
00000000
00000000
00000000
2aead061
00000000
00000000
00000000
00000000
00000000
2d2d1061
00000000
00000000
00000000
00000000
00000000
2d6d5061
00000000
00000000
00000000
00000000
24a48009
2dad9061
00000000
00000000
00000000
00000000
00000000
2dedd061
00000000
00000000
00000000
00000000
00000000
2e2e1061
00000000
00000000
00000000
00000000
00000000
2e6e5061
00000000
00000000
00000000
00000000
00000000
2eae9061
00000000
00000000
00000000
00000000
00000000
2eeed061
00000000
00000000
00000000
00000000
00000000
31311061
00000000
00000000
00000000
00000000
00000000
31715061
00000000
00000000
00000000
00000000
28886009
31b19061
00000000
00000000
00000000
00000000
00000000
31f1d061
00000000
00000000
00000000
00000000
00000000
32321061
00000000
00000000
00000000
00000000
00000000
32725061
00000000
00000000
00000000
00000000
00000000
32b29061
00000000
00000000
00000000
00000000
00000000
32f2d061
00000000
00000000
00000000
00000000
00000000
35351061
00000000
00000000
00000000
00000000
00000000
00000000
00000000
00000000
00000000
00000000
2c6c4009
00000000
00000000
00000000
00000000
00000000
00000000
00000000
00000000
00000000
00000000
00000000
00000000
00000000
00000000
00000000
00000000
00000000
00000000
00000000
00000000
35755061
00000000
00000000
00000000
00000000
00000000
35b59061
00000000
00000000
00000000
00000000
00000000
35f5d061
00000000
00000000
00000000
00000000
00000000
36361061
00000000
00000000
00000000
00000000
00000000
36765061
30502009
00000000
00000000
00000000
00000000
36b69061
00000000
00000000
00000000
00000000
00000000
36f6d061
00000000
00000000
00000000
00000000
00000000
39391061
00000000
00000000
00000000
00000000
00000000
39795061
00000000
00000000
00000000
00000000
00000000
39b99061
00000000
00000000
00000000
00000000
00000000
39f9d061
00000000
00000000
00000000
00000000
00000000
3a3a1061
00000000
00000000
00000000
00000000
00000000
3a7a5061
00000000
00000000
00000000
00000000
00000000
3aba9061
00000000
00000000
00000000
00000000
00000000
3afad061
00000000
00000000
00000000
00000000
00000000
3d3d1061
00000000
00000000
00000000
00000000
00000000
3d7d5061
00000000
00000000
00000000
34340009
00000000
3dbd9061
00000000
00000000
00000000
00000000
00000000
3dfdd061
00000000
00000000
00000000
00000000
00000000
3e3e1061
00000000
00000000
00000000
00000000
00000000
3e7e5061
00000000
00000000
00000000
00000000
00000000
3ebe9061
00000000
00000000
00000000
00000000
00000000
3efed061
00000000
00000000
00000000
00000000
00000000
00000000
00000000
00000000
00000000
00000000
00000000
00000000
00000000
00000000
00000000
3817e009
00000000
00000000
00000000
00000000
00000000
00000000
00000000
00000000
00000000
00000000
00000000
00000000
00000000
00000000
00000000
00000000
00000000
00000000
00000000
00000000
00000000
00000000
00000000
00000000
00000000
00000000
00000000
00000000
00000000
00000000
00000000
00000000
00000000
00000000
00000000
00000000
00000000
00000000
00000000
00000000
00000000
00000000
00000000
00000000
00000000
00000000
3bfbc009
00000000
00000000
00000000
00000000
00000000
00000000
00000000
00000000
00000000
00000000
00000000
00000000
00000000
00000000
00000000
00000000
00000000
00000000
00000000
00000000
00000000
00000000
00000000
00000000
00000000
00000000
00000000
00000000
00000000
00000000
00000000
00000000
00000000
00000000
00000000
00000000
00000000
