00000000000
00000000000
00000000000
00000000000
00000000000
00000000000
00000000000
00000000000
00000000000
00000000000
00000000000
00000000000
00000000000
00000000000
00000000000
00000000000
00000000000
00000000000
00000000000
00000000000
00000000000
00000000000
00000000000
00000000000
00000000000
00000000000
00000000007
00000000000
00000000000
00000000000
0000000100f
00000000000
00000000000
00000000000
00000002017
00000000000
00000000000
00000000000
0000000301f
00000000000
00000000000
00000000000
00000004027
00000000000
00000000000
00000000000
0000000502f
00000000000
00000000000
00000000000
00000006037
00000000000
00000000000
00000000000
0000000703f
00000000000
00000000000
00000000000
00000008047
00000000000
00000000000
00000000000
0000000904f
00000000000
00000000000
00000000000
0000000a057
00000000000
00000000000
00000000000
0000000b05f
00000000000
00000000000
00000000000
0000000c067
00000000000
00000000000
00000000000
0000000d06f
00000000000
00000000000
00000000000
0000000e077
00000000000
00000000000
00000000000
0000000f07f
00000000000
00000000000
00000000000
00000010087
00000000000
00000000000
00000000000
0000001108f
00000000000
00000000000
00000000000
00000012097
00000000000
00000000000
00000000000
0000001309f
00000000000
00000000000
00000000000
000000140a7
00000000000
00000000000
00000000000
000000150af
00000000000
00000000000
00000000000
000000160b7
00000000000
00000000000
00000000000
000000170bf
00000000000
00000000000
00000000000
000000180c7
00000000000
00000000000
00000000000
000000190cf
00000000000
00000000000
00000000000
0000001a0d7
00000000000
00000000000
00000000000
0000001b0df
00000000000
00000000000
00000000000
0000001c0e7
00000000000
00000000000
00000000000
0000001d0ef
00000000000
00000000000
00000000000
0000001e0f7
00000000000
00000000000
00000000000
0000001f0ff
00000000000
00000000000
00000000000
00000020107
00000000000
00000000000
00000000000
0000002110f
00000000000
00000000000
00000000000
00000022117
00000000000
00000000000
00000000000
0000002311f
00000000000
00000000000
00000000000
00000024127
00000000000
00000000000
00000000000
0000002512f
00000000000
00000000000
00000000000
00000026137
00000000000
00000000000
00000000000
0000002713f
00000000000
00000000000
00000000000
00000028147
00000000000
00000000000
00000000000
0000002914f
00000000000
00000000000
00000000000
0000002a157
00000000000
00000000000
00000000000
0000002b15f
00000000000
00000000000
00000000000
0000002c167
00000000000
00000000000
00000000000
0000002d16f
00000000000
00000000000
00000000000
0000002e177
00000000000
00000000000
00000000000
0000002f17f
00000000000
00000000000
00000000000
00000030187
00000000000
00000000000
00000000000
0000003118f
00000000000
00000000000
00000000000
00000032197
00000000000
00000000000
00000000000
0000003319f
00000000000
00000000000
00000000000
000000341a7
00000000000
00000000000
00000000000
000000351af
00000000000
00000000000
00000000000
000000361b7
00000000000
00000000000
00000000000
000000371bf
00000000000
00000000000
00000000000
000000381c7
00000000000
00000000000
00000000000
000000391cf
00000000000
00000000000
00000000000
0000003a1d7
00000000000
00000000000
00000000000
0000003b1df
00000000000
00000000000
00000000000
0000003c1e7
00000000000
00000000000
00000000000
0000003d1ef
00000000000
00000000000
00000000000
0000003e1f7
00000000000
00000000000
00000000000
0000003f1ff
00000000000
00000000000
00000000000
00000040207
00000000000
00000000000
00000000000
0000004120f
00000000000
00000000000
00000000000
00000042217
00000000000
00000000000
00000000000
0000004321f
00000000000
00000000000
00000000000
00000044227
00000000000
00000000000
00000000000
0000004522f
00000000000
00000000000
00000000000
00000046237
00000000000
00000000000
00000000000
0000004723f
00000000000
00000000000
00000000000
00000048247
00000000000
00000000000
00000000000
0000004924f
00000000000
00000000000
00000000000
0000004a257
00000000000
00000000000
00000000000
0000004b25f
00000000000
00000000000
00000000000
0000004c267
00000000000
00000000000
00000000000
0000004d26f
00000000000
00000000000
00000000000
0000004e277
00000000000
00000000000
00000000000
0000004f27f
00000000000
00000000000
00000000000
00000050287
00000000000
00000000000
00000000000
0000005128f
00000000000
00000000000
00000000000
00000052297
00000000000
00000000000
00000000000
0000005329f
00000000000
00000000000
00000000000
000000542a7
00000000000
00000000000
00000000000
000000552af
00000000000
00000000000
00000000000
000000562b7
00000000000
00000000000
00000000000
000000572bf
00000000000
00000000000
00000000000
000000582c7
00000000000
00000000000
00000000000
000000592cf
00000000000
00000000000
00000000000
0000005a2d7
00000000000
00000000000
00000000000
0000005b2df
00000000000
00000000000
00000000000
0000005c2e7
00000000000
00000000000
00000000000
0000005d2ef
00000000000
00000000000
00000000000
0000005e2f7
00000000000
00000000000
00000000000
0000005f2ff
00000000000
00000000000
00000000000
00000060307
00000000000
00000000000
00000000000
0000006130f
00000000000
00000000000
00000000000
00000062317
00000000000
00000000000
00000000000
0000006331f
00000000000
00000000000
00000000000
00000064327
00000000000
00000000000
00000000000
0000006532f
00000000000
00000000000
00000000000
00000066337
00000000000
00000000000
00000000000
0000006733f
00000000000
00000000000
00000000000
00000068347
00000000000
00000000000
00000000000
0000006934f
00000000000
00000000000
00000000000
0000006a357
00000000000
00000000000
00000000000
0000006b35f
00000000000
00000000000
00000000000
0000006c367
00000000000
00000000000
00000000000
0000006d36f
00000000000
00000000000
00000000000
0000006e377
00000000000
00000000000
00000000000
0000006f37f
00000000000
00000000000
00000000000
00000070387
00000000000
00000000000
00000000000
0000007138f
00000000000
00000000000
00000000000
00000072397
00000000000
00000000000
00000000000
0000007339f
00000000000
00000000000
00000000000
000000743a7
00000000000
00000000000
00000000000
000000753af
00000000000
00000000000
00000000000
000000763b7
00000000000
00000000000
00000000000
000000773bf
00000000000
00000000000
00000000000
000000783c7
00000000000
00000000000
00000000000
000000793cf
00000000000
00000000000
00000000000
0000007a3d7
00000000000
00000000000
00000000000
0000007b3df
00000000000
00000000000
00000000000
0000007c3e7
00000000000
00000000000
00000000000
0000007d3ef
00000000000
00000000000
00000000000
0000007e3f7
00000000000
00000000000
00000000000
0000007f3ff
00000000000
00000000000
00000000000
00000080007
00000000000
00000000000
00000000000
0000008100f
00000000000
00000000000
00000000000
00000082017
00000000000
00000000000
00000000000
0000008301f
00000000000
00000000000
00000000000
00000084027
00000000000
00000000000
00000000000
0000008502f
00000000000
00000000000
00000000000
00000086037
00000000000
00000000000
00000000000
0000008703f
00000000000
00000000000
00000000000
00000088047
00000000000
00000000000
00000000000
0000008904f
00000000000
00000000000
00000000000
0000008a057
00000000000
00000000000
00000000000
0000008b05f
00000000000
00000000000
00000000000
0000008c067
00000000000
00000000000
00000000000
0000008d06f
00000000000
00000000000
00000000000
0000008e077
00000000000
00000000000
00000000000
0000008f07f
00000000000
00000000000
00000000000
00000090087
00000000000
00000000000
00000000000
0000009108f
00000000000
00000000000
00000000000
00000092097
00000000000
00000000000
00000000000
0000009309f
00000000000
00000000000
00000000000
000000940a7
00000000000
00000000000
00000000000
000000950af
00000000000
00000000000
00000000000
000000960b7
00000000000
00000000000
00000000000
000000970bf
00000000000
00000000000
00000000000
000000980c7
00000000000
00000000000
00000000000
000000990cf
00000000000
00000000000
00000000000
0000009a0d7
00000000000
00000000000
00000000000
0000009b0df
00000000000
00000000000
00000000000
0000009c0e7
00000000000
00000000000
00000000000
0000009d0ef
00000000000
00000000000
00000000000
0000009e0f7
00000000000
00000000000
00000000000
0000009f0ff
00000000000
00000000000
00000000000
000000a0107
00000000000
00000000000
00000000000
000000a110f
00000000000
00000000000
00000000000
000000a2117
00000000000
00000000000
00000000000
000000a311f
00000000000
00000000000
00000000000
000000a4127
00000000000
00000000000
00000000000
000000a512f
00000000000
00000000000
00000000000
000000a6137
00000000000
00000000000
00000000000
000000a713f
00000000000
00000000000
00000000000
000000a8147
00000000000
00000000000
00000000000
000000a914f
00000000000
00000000000
00000000000
000000aa157
00000000000
00000000000
00000000000
000000ab15f
00000000000
00000000000
00000000000
000000ac167
00000000000
00000000000
00000000000
000000ad16f
00000000000
00000000000
00000000000
000000ae177
00000000000
00000000000
00000000000
000000af17f
00000000000
00000000000
00000000000
000000b0187
00000000000
00000000000
00000000000
000000b118f
00000000000
00000000000
00000000000
000000b2197
00000000000
00000000000
00000000000
000000b319f
00000000000
00000000000
00000000000
000000b41a7
00000000000
00000000000
00000000000
000000b51af
00000000000
00000000000
00000000000
000000b61b7
00000000000
00000000000
00000000000
000000b71bf
00000000000
00000000000
00000000000
000000b81c7
00000000000
00000000000
00000000000
000000b91cf
00000000000
00000000000
00000000000
000000ba1d7
00000000000
00000000000
00000000000
000000bb1df
00000000000
00000000000
00000000000
000000bc1e7
00000000000
00000000000
00000000000
000000bd1ef
00000000000
00000000000
00000000000
000000be1f7
00000000000
00000000000
00000000000
000000bf1ff
00000000000
00000000000
00000000000
000000c0207
00000000000
00000000000
00000000000
000000c120f
00000000000
00000000000
00000000000
000000c2217
00000000000
00000000000
00000000000
000000c321f
00000000000
00000000000
00000000000
000000c4227
00000000000
00000000000
00000000000
000000c522f
00000000000
00000000000
00000000000
000000c6237
00000000000
00000000000
00000000000
000000c723f
00000000000
00000000000
00000000000
000000c8247
00000000000
00000000000
00000000000
000000c924f
00000000000
00000000000
00000000000
000000ca257
00000000000
00000000000
00000000000
000000cb25f
00000000000
00000000000
00000000000
000000cc267
00000000000
00000000000
00000000000
000000cd26f
00000000000
00000000000
00000000000
000000ce277
00000000000
00000000000
00000000000
000000cf27f
00000000000
00000000000
00000000000
000000d0287
00000000000
00000000000
00000000000
000000d128f
00000000000
00000000000
00000000000
000000d2297
00000000000
00000000000
00000000000
000000d329f
00000000000
00000000000
00000000000
000000d42a7
00000000000
00000000000
00000000000
000000d52af
00000000000
00000000000
00000000000
000000d62b7
00000000000
00000000000
00000000000
000000d72bf
00000000000
00000000000
00000000000
000000d82c7
00000000000
00000000000
00000000000
000000d92cf
00000000000
00000000000
00000000000
000000da2d7
00000000000
00000000000
00000000000
000000db2df
00000000000
00000000000
00000000000
000000dc2e7
00000000000
00000000000
00000000000
000000dd2ef
00000000000
00000000000
00000000000
000000de2f7
00000000000
00000000000
00000000000
000000df2ff
00000000000
00000000000
00000000000
000000e0307
00000000000
00000000000
00000000000
000000e130f
00000000000
00000000000
00000000000
000000e2317
00000000000
00000000000
00000000000
000000e331f
00000000000
00000000000
00000000000
000000e4327
00000000000
00000000000
00000000000
000000e532f
00000000000
00000000000
00000000000
000000e6337
00000000000
00000000000
00000000000
000000e733f
00000000000
00000000000
00000000000
000000e8347
00000000000
00000000000
00000000000
000000e934f
00000000000
00000000000
00000000000
000000ea357
00000000000
00000000000
00000000000
000000eb35f
00000000000
00000000000
00000000000
000000ec367
00000000000
00000000000
00000000000
000000ed36f
00000000000
00000000000
00000000000
000000ee377
00000000000
00000000000
00000000000
000000ef37f
00000000000
00000000000
00000000000
000000f0387
00000000000
00000000000
00000000000
000000f138f
00000000000
00000000000
00000000000
000000f2397
00000000000
00000000000
00000000000
000000f339f
00000000000
00000000000
00000000000
000000f43a7
00000000000
00000000000
00000000000
000000f53af
00000000000
00000000000
00000000000
000000f63b7
00000000000
00000000000
00000000000
000000f73bf
00000000000
00000000000
00000000000
000000f83c7
00000000000
00000000000
00000000000
000000f93cf
00000000000
00000000000
00000000000
000000fa3d7
00000000000
00000000000
00000000000
000000fb3df
00000000000
00000000000
00000000000
000000fc3e7
00000000000
00000000000
00000000000
000000fd3ef
00000000000
00000000000
00000000000
000000fe3f7
00000000000
00000000000
00000000000
000000ff3ff
00000000000
00000000000
00000000000
00000100007
00000000000
00000000000
00000000000
0000010100f
00000000000
00000000000
00000000000
00000102017
00000000000
00000000000
00000000000
0000010301f
00000000000
00000000000
00000000000
00000104027
00000000000
00000000000
00000000000
0000010502f
00000000000
00000000000
00000000000
00000106037
00000000000
00000000000
00000000000
0000010703f
00000000000
00000000000
00000000000
00000108047
00000000000
00000000000
00000000000
0000010904f
00000000000
00000000000
00000000000
0000010a057
00000000000
00000000000
00000000000
0000010b05f
00000000000
00000000000
00000000000
0000010c067
00000000000
00000000000
00000000000
0000010d06f
00000000000
00000000000
00000000000
0000010e077
00000000000
00000000000
00000000000
0000010f07f
00000000000
00000000000
00000000000
00000110087
00000000000
00000000000
00000000000
0000011108f
00000000000
00000000000
00000000000
00000112097
00000000000
00000000000
00000000000
0000011309f
00000000000
00000000000
00000000000
000001140a7
00000000000
00000000000
00000000000
000001150af
00000000000
00000000000
00000000000
000001160b7
00000000000
00000000000
00000000000
000001170bf
00000000000
00000000000
00000000000
000001180c7
00000000000
00000000000
00000000000
000001190cf
00000000000
00000000000
00000000000
0000011a0d7
00000000000
00000000000
00000000000
0000011b0df
00000000000
00000000000
00000000000
0000011c0e7
00000000000
00000000000
00000000000
0000011d0ef
00000000000
00000000000
00000000000
0000011e0f7
00000000000
00000000000
00000000000
0000011f0ff
00000000000
00000000000
00000000000
00000120107
00000000000
00000000000
00000000000
0000012110f
00000000000
00000000000
00000000000
00000122117
00000000000
00000000000
00000000000
0000012311f
00000000000
00000000000
00000000000
00000124127
00000000000
00000000000
00000000000
0000012512f
00000000000
00000000000
00000000000
00000126137
00000000000
00000000000
00000000000
0000012713f
00000000000
00000000000
00000000000
00000128147
00000000000
00000000000
00000000000
0000012914f
00000000000
00000000000
00000000000
0000012a157
00000000000
00000000000
00000000000
0000012b15f
00000000000
00000000000
00000000000
0000012c167
00000000000
00000000000
00000000000
0000012d16f
00000000000
00000000000
00000000000
0000012e177
00000000000
00000000000
00000000000
0000012f17f
00000000000
00000000000
00000000000
00000130187
00000000000
00000000000
00000000000
0000013118f
00000000000
00000000000
00000000000
00000132197
00000000000
00000000000
00000000000
0000013319f
00000000000
00000000000
00000000000
000001341a7
00000000000
00000000000
00000000000
000001351af
00000000000
00000000000
00000000000
000001361b7
00000000000
00000000000
00000000000
000001371bf
00000000000
00000000000
00000000000
000001381c7
00000000000
00000000000
00000000000
000001391cf
00000000000
00000000000
00000000000
0000013a1d7
00000000000
00000000000
00000000000
0000013b1df
00000000000
00000000000
00000000000
0000013c1e7
00000000000
00000000000
00000000000
0000013d1ef
00000000000
00000000000
00000000000
0000013e1f7
00000000000
00000000000
00000000000
0000013f1ff
00000000000
00000000000
00000000000
00000140207
00000000000
00000000000
00000000000
0000014120f
00000000000
00000000000
00000000000
00000142217
00000000000
00000000000
00000000000
0000014321f
00000000000
00000000000
00000000000
00000144227
00000000000
00000000000
00000000000
0000014522f
00000000000
00000000000
00000000000
00000146237
00000000000
00000000000
00000000000
0000014723f
00000000000
00000000000
00000000000
00000148247
00000000000
00000000000
00000000000
0000014924f
00000000000
00000000000
00000000000
0000014a257
00000000000
00000000000
00000000000
0000014b25f
00000000000
00000000000
00000000000
0000014c267
00000000000
00000000000
00000000000
0000014d26f
00000000000
00000000000
00000000000
0000014e277
00000000000
00000000000
00000000000
0000014f27f
00000000000
00000000000
00000000000
00000150287
00000000000
00000000000
00000000000
0000015128f
00000000000
00000000000
00000000000
00000152297
00000000000
00000000000
00000000000
0000015329f
00000000000
00000000000
00000000000
000001542a7
00000000000
00000000000
00000000000
000001552af
00000000000
00000000000
00000000000
000001562b7
00000000000
00000000000
00000000000
000001572bf
00000000000
00000000000
00000000000
000001582c7
00000000000
00000000000
00000000000
000001592cf
00000000000
00000000000
00000000000
0000015a2d7
00000000000
00000000000
00000000000
0000015b2df
00000000000
00000000000
00000000000
0000015c2e7
00000000000
00000000000
00000000000
0000015d2ef
00000000000
00000000000
00000000000
0000015e2f7
00000000000
00000000000
00000000000
0000015f2ff
00000000000
00000000000
00000000000
00000160307
00000000000
00000000000
00000000000
0000016130f
00000000000
00000000000
00000000000
00000162317
00000000000
00000000000
00000000000
0000016331f
00000000000
00000000000
00000000000
00000164327
00000000000
00000000000
00000000000
0000016532f
00000000000
00000000000
00000000000
00000166337
00000000000
00000000000
00000000000
0000016733f
00000000000
00000000000
00000000000
00000168347
00000000000
00000000000
00000000000
0000016934f
00000000000
00000000000
00000000000
0000016a357
00000000000
00000000000
00000000000
0000016b35f
00000000000
00000000000
00000000000
0000016c367
00000000000
00000000000
00000000000
0000016d36f
00000000000
00000000000
00000000000
0000016e377
00000000000
00000000000
00000000000
0000016f37f
00000000000
00000000000
00000000000
00000170387
00000000000
00000000000
00000000000
0000017138f
00000000000
00000000000
00000000000
00000172397
00000000000
00000000000
00000000000
0000017339f
00000000000
00000000000
00000000000
000001743a7
00000000000
00000000000
00000000000
000001753af
00000000000
00000000000
00000000000
000001763b7
00000000000
00000000000
00000000000
000001773bf
00000000000
00000000000
00000000000
000001783c7
00000000000
00000000000
00000000000
000001793cf
00000000000
00000000000
00000000000
0000017a3d7
00000000000
00000000000
00000000000
0000017b3df
00000000000
00000000000
00000000000
0000017c3e7
00000000000
00000000000
00000000000
0000017d3ef
00000000000
00000000000
00000000000
0000017e3f7
00000000000
00000000000
00000000000
0000017f3ff
00000000000
00000000000
00000000000
00000180007
00000000000
00000000000
00000000000
0000018100f
00000000000
00000000000
00000000000
00000182017
00000000000
00000000000
00000000000
0000018301f
00000000000
00000000000
00000000000
00000184027
00000000000
00000000000
00000000000
0000018502f
00000000000
00000000000
00000000000
00000186037
00000000000
00000000000
00000000000
0000018703f
00000000000
00000000000
00000000000
00000188047
00000000000
00000000000
00000000000
0000018904f
00000000000
00000000000
00000000000
0000018a057
00000000000
00000000000
00000000000
0000018b05f
00000000000
00000000000
00000000000
0000018c067
00000000000
00000000000
00000000000
0000018d06f
00000000000
00000000000
00000000000
0000018e077
00000000000
00000000000
00000000000
0000018f07f
00000000000
00000000000
00000000000
00000190087
00000000000
00000000000
00000000000
0000019108f
00000000000
00000000000
00000000000
00000192097
00000000000
00000000000
00000000000
0000019309f
00000000000
00000000000
00000000000
000001940a7
00000000000
00000000000
00000000000
000001950af
00000000000
00000000000
00000000000
000001960b7
00000000000
00000000000
00000000000
000001970bf
00000000000
00000000000
00000000000
000001980c7
00000000000
00000000000
00000000000
000001990cf
00000000000
00000000000
00000000000
0000019a0d7
00000000000
00000000000
00000000000
0000019b0df
00000000000
00000000000
00000000000
0000019c0e7
00000000000
00000000000
00000000000
0000019d0ef
00000000000
00000000000
00000000000
0000019e0f7
00000000000
00000000000
00000000000
0000019f0ff
00000000000
00000000000
00000000000
000001a0107
00000000000
00000000000
00000000000
000001a110f
00000000000
00000000000
00000000000
000001a2117
00000000000
00000000000
00000000000
000001a311f
00000000000
00000000000
00000000000
000001a4127
00000000000
00000000000
00000000000
000001a512f
00000000000
00000000000
00000000000
000001a6137
00000000000
00000000000
00000000000
000001a713f
00000000000
00000000000
00000000000
000001a8147
00000000000
00000000000
00000000000
000001a914f
00000000000
00000000000
00000000000
000001aa157
00000000000
00000000000
00000000000
000001ab15f
00000000000
00000000000
00000000000
000001ac167
00000000000
00000000000
00000000000
000001ad16f
00000000000
00000000000
00000000000
000001ae177
00000000000
00000000000
00000000000
000001af17f
00000000000
00000000000
00000000000
000001b0187
00000000000
00000000000
00000000000
000001b118f
00000000000
00000000000
00000000000
000001b2197
00000000000
00000000000
00000000000
000001b319f
00000000000
00000000000
00000000000
000001b41a7
00000000000
00000000000
00000000000
000001b51af
00000000000
00000000000
00000000000
000001b61b7
00000000000
00000000000
00000000000
000001b71bf
00000000000
00000000000
00000000000
000001b81c7
00000000000
00000000000
00000000000
000001b91cf
00000000000
00000000000
00000000000
000001ba1d7
00000000000
00000000000
00000000000
000001bb1df
00000000000
00000000000
00000000000
000001bc1e7
00000000000
00000000000
00000000000
000001bd1ef
00000000000
00000000000
00000000000
000001be1f7
00000000000
00000000000
00000000000
000001bf1ff
00000000000
00000000000
00000000000
000001c0207
00000000000
00000000000
00000000000
000001c120f
00000000000
00000000000
00000000000
000001c2217
00000000000
00000000000
00000000000
000001c321f
00000000000
00000000000
00000000000
000001c4227
00000000000
00000000000
00000000000
000001c522f
00000000000
00000000000
00000000000
000001c6237
00000000000
00000000000
00000000000
000001c723f
00000000000
00000000000
00000000000
000001c8247
00000000000
00000000000
00000000000
000001c924f
00000000000
00000000000
00000000000
000001ca257
00000000000
00000000000
00000000000
000001cb25f
00000000000
00000000000
00000000000
000001cc267
00000000000
00000000000
00000000000
000001cd26f
00000000000
00000000000
00000000000
000001ce277
00000000000
00000000000
00000000000
000001cf27f
00000000000
00000000000
00000000000
000001d0287
00000000000
00000000000
00000000000
000001d128f
00000000000
00000000000
00000000000
000001d2297
00000000000
00000000000
00000000000
000001d329f
00000000000
00000000000
00000000000
000001d42a7
00000000000
00000000000
00000000000
000001d52af
00000000000
00000000000
00000000000
000001d62b7
00000000000
00000000000
00000000000
000001d72bf
00000000000
00000000000
00000000000
000001d82c7
00000000000
00000000000
00000000000
000001d92cf
00000000000
00000000000
00000000000
000001da2d7
00000000000
00000000000
00000000000
000001db2df
00000000000
00000000000
00000000000
000001dc2e7
00000000000
00000000000
00000000000
000001dd2ef
00000000000
00000000000
00000000000
000001de2f7
00000000000
00000000000
00000000000
000001df2ff
00000000000
00000000000
00000000000
000001e0307
00000000000
00000000000
00000000000
000001e130f
00000000000
00000000000
00000000000
000001e2317
00000000000
00000000000
00000000000
000001e331f
00000000000
00000000000
00000000000
000001e4327
00000000000
00000000000
00000000000
000001e532f
00000000000
00000000000
00000000000
000001e6337
00000000000
00000000000
00000000000
000001e733f
00000000000
00000000000
00000000000
000001e8347
00000000000
00000000000
00000000000
000001e934f
00000000000
00000000000
00000000000
000001ea357
00000000000
00000000000
00000000000
000001eb35f
00000000000
00000000000
00000000000
000001ec367
00000000000
00000000000
00000000000
000001ed36f
00000000000
00000000000
00000000000
000001ee377
00000000000
00000000000
00000000000
000001ef37f
00000000000
00000000000
00000000000
000001f0387
00000000000
00000000000
00000000000
000001f138f
00000000000
00000000000
00000000000
000001f2397
00000000000
00000000000
00000000000
000001f339f
00000000000
00000000000
00000000000
000001f43a7
00000000000
00000000000
00000000000
000001f53af
00000000000
00000000000
00000000000
000001f63b7
00000000000
00000000000
00000000000
000001f73bf
00000000000
00000000000
00000000000
000001f83c7
00000000000
00000000000
00000000000
000001f93cf
00000000000
00000000000
00000000000
000001fa3d7
00000000000
00000000000
00000000000
000001fb3df
00000000000
00000000000
00000000000
000001fc3e7
00000000000
00000000000
00000000000
000001fd3ef
00000000000
00000000000
00000000000
000001fe3f7
00000000000
00000000000
00000000000
000001ff3ff
00000000000
00000000000
00000000000
00000200007
00000000000
00000000000
00000000000
0000020100f
00000000000
00000000000
00000000000
00000202017
00000000000
00000000000
00000000000
0000020301f
00000000000
00000000000
00000000000
00000204027
00000000000
00000000000
00000000000
0000020502f
00000000000
00000000000
00000000000
00000206037
00000000000
00000000000
00000000000
0000020703f
00000000000
00000000000
00000000000
00000208047
00000000000
00000000000
00000000000
0000020904f
00000000000
00000000000
00000000000
0000020a057
00000000000
00000000000
00000000000
0000020b05f
00000000000
00000000000
00000000000
0000020c067
00000000000
00000000000
00000000000
0000020d06f
00000000000
00000000000
00000000000
0000020e077
00000000000
00000000000
00000000000
0000020f07f
00000000000
00000000000
00000000000
00000210087
00000000000
00000000000
00000000000
0000021108f
00000000000
00000000000
00000000000
00000212097
00000000000
00000000000
00000000000
0000021309f
00000000000
00000000000
00000000000
000002140a7
00000000000
00000000000
00000000000
000002150af
00000000000
00000000000
00000000000
000002160b7
00000000000
00000000000
00000000000
000002170bf
00000000000
00000000000
00000000000
000002180c7
00000000000
00000000000
00000000000
000002190cf
00000000000
00000000000
00000000000
0000021a0d7
00000000000
00000000000
00000000000
0000021b0df
00000000000
00000000000
00000000000
0000021c0e7
00000000000
00000000000
00000000000
0000021d0ef
00000000000
00000000000
00000000000
0000021e0f7
00000000000
00000000000
00000000000
0000021f0ff
00000000000
00000000000
00000000000
00000220107
00000000000
00000000000
00000000000
0000022110f
00000000000
00000000000
00000000000
00000222117
00000000000
00000000000
00000000000
0000022311f
00000000000
00000000000
00000000000
00000224127
00000000000
00000000000
00000000000
0000022512f
00000000000
00000000000
00000000000
00000226137
00000000000
00000000000
00000000000
0000022713f
00000000000
00000000000
00000000000
00000228147
00000000000
00000000000
00000000000
0000022914f
00000000000
00000000000
00000000000
0000022a157
00000000000
00000000000
00000000000
0000022b15f
00000000000
00000000000
00000000000
0000022c167
00000000000
00000000000
00000000000
0000022d16f
00000000000
00000000000
00000000000
0000022e177
00000000000
00000000000
00000000000
0000022f17f
00000000000
00000000000
00000000000
00000230187
00000000000
00000000000
00000000000
0000023118f
00000000000
00000000000
00000000000
00000232197
00000000000
00000000000
00000000000
0000023319f
00000000000
00000000000
00000000000
000002341a7
00000000000
00000000000
00000000000
000002351af
00000000000
00000000000
00000000000
000002361b7
00000000000
00000000000
00000000000
000002371bf
00000000000
00000000000
00000000000
000002381c7
00000000000
00000000000
00000000000
000002391cf
00000000000
00000000000
00000000000
0000023a1d7
00000000000
00000000000
00000000000
0000023b1df
00000000000
00000000000
00000000000
0000023c1e7
00000000000
00000000000
00000000000
0000023d1ef
00000000000
00000000000
00000000000
0000023e1f7
00000000000
00000000000
00000000000
0000023f1ff
00000000000
00000000000
00000000000
00000240207
00000000000
00000000000
00000000000
0000024120f
00000000000
00000000000
00000000000
00000242217
00000000000
00000000000
00000000000
0000024321f
00000000000
00000000000
00000000000
00000244227
00000000000
00000000000
00000000000
0000024522f
00000000000
00000000000
00000000000
00000246237
00000000000
00000000000
00000000000
0000024723f
00000000000
00000000000
00000000000
00000248247
00000000000
00000000000
00000000000
0000024924f
00000000000
00000000000
00000000000
0000024a257
00000000000
00000000000
00000000000
0000024b25f
00000000000
00000000000
00000000000
0000024c267
00000000000
00000000000
00000000000
0000024d26f
00000000000
00000000000
00000000000
0000024e277
00000000000
00000000000
00000000000
0000024f27f
00000000000
00000000000
00000000000
00000250287
00000000000
00000000000
00000000000
0000025128f
00000000000
00000000000
00000000000
00000252297
00000000000
00000000000
00000000000
0000025329f
00000000000
00000000000
00000000000
000002542a7
00000000000
00000000000
00000000000
000002552af
00000000000
00000000000
00000000000
000002562b7
00000000000
00000000000
00000000000
000002572bf
00000000000
00000000000
00000000000
000002582c7
00000000000
00000000000
00000000000
000002592cf
00000000000
00000000000
00000000000
0000025a2d7
00000000000
00000000000
00000000000
0000025b2df
00000000000
00000000000
00000000000
0000025c2e7
00000000000
00000000000
00000000000
0000025d2ef
00000000000
00000000000
00000000000
0000025e2f7
00000000000
00000000000
00000000000
0000025f2ff
00000000000
00000000000
00000000000
00000260307
00000000000
00000000000
00000000000
0000026130f
00000000000
00000000000
00000000000
00000262317
00000000000
00000000000
00000000000
0000026331f
00000000000
00000000000
00000000000
00000264327
00000000000
00000000000
00000000000
0000026532f
00000000000
00000000000
00000000000
00000266337
00000000000
00000000000
00000000000
0000026733f
00000000000
00000000000
00000000000
00000268347
00000000000
00000000000
00000000000
0000026934f
00000000000
00000000000
00000000000
0000026a357
00000000000
00000000000
00000000000
0000026b35f
00000000000
00000000000
00000000000
0000026c367
00000000000
00000000000
00000000000
0000026d36f
00000000000
00000000000
00000000000
0000026e377
00000000000
00000000000
00000000000
0000026f37f
00000000000
00000000000
00000000000
00000270387
00000000000
00000000000
00000000000
0000027138f
00000000000
00000000000
00000000000
00000272397
00000000000
00000000000
00000000000
0000027339f
00000000000
00000000000
00000000000
000002743a7
00000000000
00000000000
00000000000
000002753af
00000000000
00000000000
00000000000
000002763b7
00000000000
00000000000
00000000000
000002773bf
00000000000
00000000000
00000000000
000002783c7
00000000000
00000000000
00000000000
000002793cf
00000000000
00000000000
00000000000
0000027a3d7
00000000000
00000000000
00000000000
0000027b3df
00000000000
00000000000
00000000000
0000027c3e7
00000000000
00000000000
00000000000
0000027d3ef
00000000000
00000000000
00000000000
0000027e3f7
00000000000
00000000000
00000000000
0000027f3ff
00000000000
00000000000
00000000000
00000280007
00000000000
00000000000
00000000000
0000028100f
00000000000
00000000000
00000000000
00000282017
00000000000
00000000000
00000000000
0000028301f
00000000000
00000000000
00000000000
00000284027
00000000000
00000000000
00000000000
0000028502f
00000000000
00000000000
00000000000
00000286037
00000000000
00000000000
00000000000
0000028703f
00000000000
00000000000
00000000000
00000288047
00000000000
00000000000
00000000000
0000028904f
00000000000
00000000000
00000000000
0000028a057
00000000000
00000000000
00000000000
0000028b05f
00000000000
00000000000
00000000000
0000028c067
00000000000
00000000000
00000000000
0000028d06f
00000000000
00000000000
00000000000
0000028e077
00000000000
00000000000
00000000000
0000028f07f
00000000000
00000000000
00000000000
00000290087
00000000000
00000000000
00000000000
0000029108f
00000000000
00000000000
00000000000
00000292097
00000000000
00000000000
00000000000
0000029309f
00000000000
00000000000
00000000000
000002940a7
00000000000
00000000000
00000000000
000002950af
00000000000
00000000000
00000000000
000002960b7
00000000000
00000000000
00000000000
000002970bf
00000000000
00000000000
00000000000
000002980c7
00000000000
00000000000
00000000000
000002990cf
00000000000
00000000000
00000000000
0000029a0d7
00000000000
00000000000
00000000000
0000029b0df
00000000000
00000000000
00000000000
0000029c0e7
00000000000
00000000000
00000000000
0000029d0ef
00000000000
00000000000
00000000000
0000029e0f7
00000000000
00000000000
00000000000
0000029f0ff
00000000000
00000000000
00000000000
000002a0107
00000000000
00000000000
00000000000
000002a110f
00000000000
00000000000
00000000000
000002a2117
00000000000
00000000000
00000000000
000002a311f
00000000000
00000000000
00000000000
000002a4127
00000000000
00000000000
00000000000
000002a512f
00000000000
00000000000
00000000000
000002a6137
00000000000
00000000000
00000000000
000002a713f
00000000000
00000000000
00000000000
000002a8147
00000000000
00000000000
00000000000
000002a914f
00000000000
00000000000
00000000000
000002aa157
00000000000
00000000000
00000000000
000002ab15f
00000000000
00000000000
00000000000
000002ac167
00000000000
00000000000
00000000000
000002ad16f
00000000000
00000000000
00000000000
000002ae177
00000000000
00000000000
00000000000
000002af17f
00000000000
00000000000
00000000000
000002b0187
00000000000
00000000000
00000000000
000002b118f
00000000000
00000000000
00000000000
000002b2197
00000000000
00000000000
00000000000
000002b319f
00000000000
00000000000
00000000000
000002b41a7
00000000000
00000000000
00000000000
000002b51af
00000000000
00000000000
00000000000
000002b61b7
00000000000
00000000000
00000000000
000002b71bf
00000000000
00000000000
00000000000
000002b81c7
00000000000
00000000000
00000000000
000002b91cf
00000000000
00000000000
00000000000
000002ba1d7
00000000000
00000000000
00000000000
000002bb1df
00000000000
00000000000
00000000000
000002bc1e7
00000000000
00000000000
00000000000
000002bd1ef
00000000000
00000000000
00000000000
000002be1f7
00000000000
00000000000
00000000000
000002bf1ff
00000000000
00000000000
00000000000
000002c0207
00000000000
00000000000
00000000000
000002c120f
00000000000
00000000000
00000000000
000002c2217
00000000000
00000000000
00000000000
000002c321f
00000000000
00000000000
00000000000
000002c4227
00000000000
00000000000
00000000000
000002c522f
00000000000
00000000000
00000000000
000002c6237
00000000000
00000000000
00000000000
000002c723f
00000000000
00000000000
00000000000
000002c8247
00000000000
00000000000
00000000000
000002c924f
00000000000
00000000000
00000000000
000002ca257
00000000000
00000000000
00000000000
000002cb25f
00000000000
00000000000
00000000000
000002cc267
00000000000
00000000000
00000000000
000002cd26f
00000000000
00000000000
00000000000
000002ce277
00000000000
00000000000
00000000000
000002cf27f
00000000000
00000000000
00000000000
000002d0287
00000000000
00000000000
00000000000
000002d128f
00000000000
00000000000
00000000000
000002d2297
00000000000
00000000000
00000000000
000002d329f
00000000000
00000000000
00000000000
000002d42a7
00000000000
00000000000
00000000000
000002d52af
00000000000
00000000000
00000000000
000002d62b7
00000000000
00000000000
00000000000
000002d72bf
00000000000
00000000000
00000000000
000002d82c7
00000000000
00000000000
00000000000
000002d92cf
00000000000
00000000000
00000000000
000002da2d7
00000000000
00000000000
00000000000
000002db2df
00000000000
00000000000
00000000000
000002dc2e7
00000000000
00000000000
00000000000
000002dd2ef
00000000000
00000000000
00000000000
000002de2f7
00000000000
00000000000
00000000000
000002df2ff
00000000000
00000000000
00000000000
000002e0307
00000000000
00000000000
00000000000
000002e130f
00000000000
00000000000
00000000000
000002e2317
00000000000
00000000000
00000000000
000002e331f
00000000000
00000000000
00000000000
000002e4327
00000000000
00000000000
00000000000
000002e532f
00000000000
00000000000
00000000000
000002e6337
00000000000
00000000000
00000000000
000002e733f
00000000000
00000000000
00000000000
000002e8347
00000000000
00000000000
00000000000
000002e934f
00000000000
00000000000
00000000000
000002ea357
00000000000
00000000000
00000000000
000002eb35f
00000000000
00000000000
00000000000
000002ec367
00000000000
00000000000
00000000000
000002ed36f
00000000000
00000000000
00000000000
000002ee377
00000000000
00000000000
00000000000
000002ef37f
00000000000
00000000000
00000000000
000002f0387
00000000000
00000000000
00000000000
000002f138f
00000000000
00000000000
00000000000
000002f2397
00000000000
00000000000
00000000000
000002f339f
00000000000
00000000000
00000000000
000002f43a7
00000000000
00000000000
00000000000
000002f53af
00000000000
00000000000
00000000000
000002f63b7
00000000000
00000000000
00000000000
000002f73bf
00000000000
00000000000
00000000000
000002f83c7
00000000000
00000000000
00000000000
000002f93cf
00000000000
00000000000
00000000000
000002fa3d7
00000000000
00000000000
00000000000
000002fb3df
00000000000
00000000000
00000000000
000002fc3e7
00000000000
00000000000
00000000000
000002fd3ef
00000000000
00000000000
00000000000
000002fe3f7
00000000000
00000000000
00000000000
000002ff3ff
00000000000
