00000000
00000000
00000000
40201041
00000000
00000000
00000000
40a09041
00000000
00000000
00000000
41211041
00000000
00000000
00000000
41a19041
00000000
00000000
00000000
42221041
00000000
00000000
00000000
42a29041
00000000
00000000
00000000
43231041
00000000
00000000
00000000
43a39041
00000000
00000000
00000000
44241041
00000000
00000000
00000000
44a49041
00000000
00000000
00000000
45251041
00000000
00000000
00000000
45a59041
00000000
00000000
00000000
46261041
00000000
00000000
00000000
46a69041
00000000
00000000
00000000
47271041
00000000
00000000
00000000
47a79041
00000000
00000000
00000000
48281041
00000000
00000000
00000000
48a89041
00000000
00000000
00000000
49291041
00000000
00000000
00000000
49a99041
00000000
00000000
00000000
4a2a1041
00000000
00000000
00000000
4aaa9041
00000000
00000000
00000000
4b2b1041
00000000
00000000
00000000
4bab9041
00000000
00000000
00000000
4c2c1041
00000000
00000000
00000000
4cac9041
00000000
00000000
00000000
4d2d1041
00000000
00000000
00000000
4dad9041
00000000
00000000
00000000
4e2e1041
00000000
00000000
00000000
4eae9041
00000000
00000000
00000000
4f2f1041
00000000
00000000
00000000
4faf9041
00000000
00000000
00000000
50301041
00000000
00000000
00000000
50b09041
00000000
00000000
00000000
51311041
00000000
00000000
00000000
51b19041
00000000
00000000
00000000
52321041
00000000
00000000
00000000
52b29041
00000000
00000000
00000000
53331041
00000000
00000000
00000000
53b39041
00000000
00000000
00000000
54341041
00000000
00000000
00000000
54b49041
00000000
00000000
00000000
55351041
00000000
00000000
00000000
55b59041
00000000
00000000
00000000
56361041
00000000
00000000
00000000
56b69041
00000000
00000000
00000000
57371041
00000000
00000000
00000000
57b79041
00000000
00000000
00000000
58381041
00000000
00000000
00000000
58b89041
00000000
00000000
00000000
59391041
00000000
00000000
00000000
59b99041
00000000
00000000
00000000
5a3a1041
00000000
00000000
00000000
5aba9041
00000000
00000000
00000000
5b3b1041
00000000
00000000
00000000
5bbb9041
00000000
00000000
00000000
5c3c1041
00000000
00000000
00000000
5cbc9041
00000000
00000000
00000000
5d3d1041
00000000
00000000
00000000
5dbd9041
00000000
00000000
00000000
5e3e1041
00000000
00000000
00000000
5ebe9041
00000000
00000000
00000000
5f3f1041
00000000
00000000
00000000
5fbf9041
00000000
00000000
00000000
00000000
00000000
00000000
00000000
00000000
00000000
00000000
00000000
00000000
00000000
00000000
00000000
00000000
00000000
00000000
00000000
00000000
00000000
00000000
00000000
00000000
00000000
00000000
00000000
40605049
00000000
00000000
00000000
40e0d049
00000000
00000000
00000000
41615049
00000000
00000000
00000000
41e1d049
00000000
00000000
00000000
42625049
00000000
00000000
00000000
42e2d049
00000000
00000000
00000000
43635049
00000000
00000000
00000000
43e3d049
00000000
00000000
00000000
44645049
00000000
00000000
00000000
44e4d049
00000000
00000000
00000000
00000000
40201041
00000000
00000000
00000000
40a09041
00000000
00000000
00000000
41211041
00000000
00000000
00000000
41a19041
00000000
00000000
00000000
42221041
00000000
00000000
00000000
42a29041
00000000
00000000
00000000
43231041
00000000
00000000
00000000
43a39041
00000000
00000000
00000000
00000000
00000000
00000000
00000000
00000000
00000000
00000000
00000000
00000000
00000000
00000000
00000000
00000000
00000000
00000000
00000000
00000000
00000000
00000000
00000000
00000000
00000000
00000000
00000000
45655049
00000000
00000000
00000000
45e5d049
00000000
00000000
00000000
46665049
00000000
00000000
00000000
46e6d049
00000000
00000000
00000000
47675049
00000000
00000000
00000000
47e7d049
00000000
00000000
00000000
48685049
00000000
00000000
00000000
48e8d049
00000000
00000000
00000000
49695049
00000000
00000000
00000000
49e9d049
00000000
00000000
00000000
44241041
00000000
00000000
00000000
44a49041
00000000
00000000
00000000
45251041
00000000
00000000
00000000
45a59041
00000000
00000000
00000000
46261041
00000000
00000000
00000000
46a69041
00000000
00000000
00000000
47271041
00000000
00000000
00000000
47a79041
00000000
00000000
00000000
48281041
00000000
00000000
00000000
48a89041
00000000
00000000
00000000
49291041
00000000
00000000
00000000
49a99041
00000000
00000000
00000000
00000000
00000000
00000000
00000000
00000000
00000000
00000000
00000000
00000000
00000000
00000000
00000000
00000000
00000000
00000000
00000000
00000000
00000000
00000000
00000000
00000000
00000000
00000000
00000000
4a6a5049
00000000
00000000
00000000
4aead049
00000000
00000000
00000000
4b6b5049
00000000
00000000
00000000
4bebd049
00000000
00000000
00000000
4c6c5049
00000000
00000000
00000000
4cecd049
00000000
00000000
00000000
4d6d5049
00000000
00000000
00000000
4dedd049
00000000
00000000
00000000
4e6e5049
00000000
00000000
00000000
4eeed049
00000000
00000000
00000000
00000000
4a2a1041
00000000
00000000
00000000
4aaa9041
00000000
00000000
00000000
4b2b1041
00000000
00000000
00000000
4bab9041
00000000
00000000
00000000
4c2c1041
00000000
00000000
00000000
4cac9041
00000000
00000000
00000000
4d2d1041
00000000
00000000
00000000
4dad9041
00000000
00000000
00000000
00000000
00000000
00000000
00000000
00000000
00000000
00000000
00000000
00000000
00000000
00000000
00000000
00000000
00000000
00000000
00000000
00000000
00000000
00000000
00000000
00000000
00000000
00000000
00000000
4f6f5049
00000000
00000000
00000000
4fefd049
00000000
00000000
00000000
50705049
00000000
00000000
00000000
50f0d049
00000000
00000000
00000000
51715049
00000000
00000000
00000000
51f1d049
00000000
00000000
00000000
52725049
00000000
00000000
00000000
52f2d049
00000000
00000000
00000000
53735049
00000000
00000000
00000000
53f3d049
00000000
00000000
00000000
4e2e1041
00000000
00000000
00000000
4eae9041
00000000
00000000
00000000
4f2f1041
00000000
00000000
00000000
4faf9041
00000000
00000000
00000000
50301041
00000000
00000000
00000000
50b09041
00000000
00000000
00000000
51311041
00000000
00000000
00000000
51b19041
00000000
00000000
00000000
52321041
00000000
00000000
00000000
52b29041
00000000
00000000
00000000
53331041
00000000
00000000
00000000
53b39041
00000000
00000000
00000000
00000000
00000000
00000000
00000000
00000000
00000000
00000000
00000000
00000000
00000000
00000000
00000000
00000000
00000000
00000000
00000000
00000000
00000000
00000000
00000000
00000000
00000000
00000000
00000000
54745049
00000000
00000000
00000000
54f4d049
00000000
00000000
00000000
55755049
00000000
00000000
00000000
55f5d049
00000000
00000000
00000000
56765049
00000000
00000000
00000000
56f6d049
00000000
00000000
00000000
57775049
00000000
00000000
00000000
57f7d049
00000000
00000000
00000000
58785049
00000000
00000000
00000000
58f8d049
00000000
00000000
00000000
00000000
54341041
00000000
00000000
00000000
54b49041
00000000
00000000
00000000
55351041
00000000
00000000
00000000
55b59041
00000000
00000000
00000000
56361041
00000000
00000000
00000000
56b69041
00000000
00000000
00000000
57371041
00000000
00000000
00000000
57b79041
00000000
00000000
00000000
00000000
00000000
00000000
00000000
00000000
00000000
00000000
00000000
00000000
00000000
00000000
00000000
00000000
00000000
00000000
00000000
00000000
00000000
00000000
00000000
00000000
00000000
00000000
00000000
59795049
00000000
00000000
00000000
59f9d049
00000000
00000000
00000000
5a7a5049
00000000
00000000
00000000
5afad049
00000000
00000000
00000000
5b7b5049
00000000
00000000
00000000
5bfbd049
00000000
00000000
00000000
5c7c5049
00000000
00000000
00000000
5cfcd049
00000000
00000000
00000000
5d7d5049
00000000
00000000
00000000
5dfdd049
00000000
00000000
00000000
58381041
00000000
00000000
00000000
58b89041
00000000
00000000
00000000
59391041
00000000
00000000
00000000
59b99041
00000000
00000000
00000000
5a3a1041
00000000
00000000
00000000
5aba9041
00000000
00000000
00000000
5b3b1041
00000000
00000000
00000000
5bbb9041
00000000
00000000
00000000
5c3c1041
00000000
00000000
00000000
5cbc9041
00000000
00000000
00000000
5d3d1041
00000000
00000000
00000000
5dbd9041
00000000
00000000
00000000
00000000
00000000
00000000
00000000
00000000
00000000
00000000
00000000
00000000
00000000
00000000
00000000
00000000
00000000
00000000
00000000
00000000
00000000
00000000
00000000
00000000
00000000
00000000
00000000
5e7e5049
00000000
00000000
00000000
5efed049
00000000
00000000
00000000
5f7f5049
00000000
00000000
00000000
5fffd049
00000000
00000000
00000000
40605049
00000000
00000000
00000000
40e0d049
00000000
00000000
00000000
41615049
00000000
00000000
00000000
41e1d049
00000000
00000000
00000000
42625049
00000000
00000000
00000000
42e2d049
00000000
00000000
00000000
00000000
5e3e1041
00000000
00000000
00000000
5ebe9041
00000000
00000000
00000000
5f3f1041
00000000
00000000
00000000
5fbf9041
00000000
00000000
00000000
00000000
00000000
00000000
00000000
00000000
00000000
00000000
00000000
00000000
00000000
00000000
00000000
00000000
00000000
00000000
00000000
00000000
00000000
00000000
00000000
00000000
00000000
00000000
00000000
43635049
00000000
00000000
00000000
43e3d049
00000000
00000000
00000000
44645049
00000000
00000000
00000000
44e4d049
00000000
00000000
00000000
45655049
00000000
00000000
00000000
45e5d049
00000000
00000000
00000000
46665049
00000000
00000000
00000000
46e6d049
00000000
00000000
00000000
47675049
00000000
00000000
00000000
47e7d049
00000000
00000000
00000000
00000000
00000000
00000000
00000000
00000000
00000000
00000000
00000000
00000000
00000000
00000000
00000000
00000000
00000000
00000000
00000000
00000000
00000000
00000000
48685049
00000000
00000000
00000000
48e8d049
00000000
00000000
00000000
49695049
00000000
00000000
00000000
49e9d049
00000000
00000000
00000000
4a6a5049
00000000
00000000
00000000
4aead049
00000000
00000000
00000000
4b6b5049
00000000
00000000
00000000
4bebd049
00000000
00000000
00000000
4c6c5049
00000000
00000000
00000000
4cecd049
00000000
00000000
00000000
00000000
00000000
00000000
00000000
00000000
00000000
00000000
00000000
00000000
00000000
00000000
00000000
00000000
00000000
00000000
00000000
00000000
00000000
00000000
4d6d5049
00000000
00000000
00000000
4dedd049
00000000
00000000
00000000
4e6e5049
00000000
00000000
00000000
4eeed049
00000000
00000000
00000000
4f6f5049
00000000
00000000
00000000
4fefd049
00000000
00000000
00000000
50705049
00000000
00000000
00000000
50f0d049
00000000
00000000
00000000
51715049
00000000
00000000
00000000
51f1d049
00000000
00000000
00000000
00000000
00000000
00000000
00000000
00000000
00000000
00000000
00000000
00000000
00000000
00000000
00000000
00000000
00000000
00000000
00000000
00000000
00000000
00000000
52725049
00000000
00000000
00000000
52f2d049
00000000
00000000
00000000
53735049
00000000
00000000
00000000
53f3d049
00000000
00000000
00000000
54745049
00000000
00000000
00000000
54f4d049
00000000
00000000
00000000
55755049
00000000
00000000
00000000
55f5d049
00000000
00000000
00000000
56765049
00000000
00000000
00000000
56f6d049
00000000
00000000
00000000
00000000
00000000
00000000
00000000
00000000
00000000
00000000
00000000
00000000
00000000
00000000
00000000
00000000
00000000
00000000
00000000
00000000
00000000
00000000
57775049
00000000
00000000
00000000
57f7d049
00000000
00000000
00000000
58785049
00000000
00000000
00000000
58f8d049
00000000
00000000
00000000
59795049
00000000
00000000
00000000
59f9d049
00000000
00000000
00000000
5a7a5049
00000000
00000000
00000000
5afad049
00000000
00000000
00000000
5b7b5049
00000000
00000000
00000000
5bfbd049
00000000
00000000
00000000
00000000
00000000
00000000
00000000
00000000
00000000
00000000
00000000
00000000
00000000
00000000
00000000
00000000
00000000
00000000
00000000
00000000
00000000
00000000
5c7c5049
00000000
00000000
00000000
5cfcd049
00000000
00000000
00000000
5d7d5049
00000000
00000000
00000000
5dfdd049
00000000
00000000
00000000
5e7e5049
00000000
00000000
00000000
5efed049
00000000
00000000
00000000
5f7f5049
00000000
00000000
00000000
5fffd049
00000000
00000000
00000000
00000000
00000000
00000000
00000000
00000000
00000000
00000000
00000000
00000000
00000000
00000000
00000000
00000000
00000000
00000000
00000000
00000000
00000000
00000000
00000000
00000000
00000000
00000000
00000000
