000000000
000000000
000000000
000000000
000000000
000000000
000000000
000000000
000000000
000000000
000000000
000000000
000000000
000000000
000000000
000000000
000000000
000000000
000000000
000000000
000000000
000000000
000000000
000000000
000000000
000000000
000000000
000000000
000000000
000000000
000000000
000000000
000000000
000000000
000000000
000000000
000000000
000000000
000000000
000000000
000000000
000000000
000000000
000000000
000000000
000000000
000000000
000000000
000000000
000000000
000000000
000000000
000000000
000000000
000000000
000000000
000000000
000000000
000000000
000000000
000000000
000000000
000000000
000000000
000000000
000000000
000000000
000000000
000000000
000000000
000000000
000000000
000000000
000000000
000000000
000000000
000000000
000000000
000000000
000000000
000000000
000000000
000000000
000000000
000000000
000000000
000000000
000000000
000000000
000000000
000000000
000000000
000000000
000000000
000000000
000000000
000000000
000000000
000000000
000000000
000000000
000000000
000000000
000000000
000000000
000000000
000000000
000000000
000000000
000000000
000000000
000000000
000000000
000000000
000000000
000000000
000000000
000000000
000000000
000000000
000000000
000000000
000000000
000000000
000000000
000000000
000000000
000000000
000000000
000000000
000000000
000000000
000000000
000000000
000000000
000000000
000000000
000000000
000000000
000000000
000000000
000000000
000000000
000000000
000000000
000000000
000000000
000000000
000000000
000000000
000000000
000000000
000000000
000000000
000000000
000000000
000000000
000000000
000000000
000000000
000000000
000000000
000000000
000000000
000000000
000000000
000000000
000000000
000000000
000000000
000000000
000000000
000000000
000000000
000000000
000000000
000000000
000000000
000000000
000000000
000000000
000000000
000000000
000000000
000000000
000000000
000000000
000000000
000000000
000000000
000000000
000000000
000000000
000000000
000000000
000000000
000000000
000000000
000000000
000000000
000000000
000000000
000000000
000000000
000000000
000000000
000000000
000000000
000000000
000000000
000000000
000000000
000000000
000000000
000000000
000000000
000000000
000000000
000000000
000000000
000000000
000000000
000000000
000000000
000000000
000000000
000000000
000000000
000000000
000000000
000000000
000000000
000000000
000000000
000000000
000000000
000000000
000000000
000000000
000000000
000000000
000000000
000000000
000000000
000000000
000000000
000000000
000000000
000000000
000000000
000000000
000000000
000000000
000000000
000000000
000000000
000000000
000000000
000000000
000000000
000000000
000000000
000000000
000000000
000000000
000000000
000000000
000000000
000000000
000000000
000000000
000000000
000000000
000000000
000000000
000000000
000000000
000000000
000000000
000000000
000000000
000000000
000000000
000000000
000000000
000000000
000000000
000000000
000000000
000000000
000000000
000000000
000000000
000000000
000000000
000000000
000000000
000000000
000000000
000000000
000000000
000000000
000000000
000000000
000000000
000000000
000000000
000000000
000000000
00000000f
000000000
000000000
000000000
00000101f
000000000
000000000
000000000
00000202f
000000000
000000000
000000000
00000303f
000000000
000000000
000000000
00000404f
000000000
000000000
000000000
00000505f
000000000
000000000
000000000
00000606f
000000000
000000000
000000000
00000707f
000000000
000000000
000000000
00000808f
000000000
000000000
000000000
00000909f
000000000
000000000
000000000
000000000
000000000
000000000
000000000
000000000
000000000
000000000
000000000
000000000
000000000
000000000
000000000
000000000
000000000
000000000
000000000
000000000
000000000
000000000
000000000
000000000
000000000
000000000
000000000
000000000
000000000
000000000
000000000
000000000
000000000
000000000
000000000
000000000
000000000
000000000
000000000
000000000
000000000
000000000
000000000
000000000
000000000
000000000
000000000
000000000
000000000
000000000
000000000
000000000
000000000
000000000
000000000
000000000
000000000
000000000
000000000
000000000
00000a0af
000000000
000000000
000000000
00000b0bf
000000000
000000000
000000000
00000c0cf
000000000
000000000
000000000
00000d0df
000000000
000000000
000000000
00000e0ef
000000000
000000000
000000000
00000f0ff
000000000
000000000
000000000
00001010f
000000000
000000000
000000000
00001111f
000000000
000000000
000000000
00001212f
000000000
000000000
000000000
00001313f
000000000
000000000
000000000
000000000
000000000
000000000
000000000
000000000
000000000
000000000
000000000
000000000
000000000
000000000
000000000
000000000
000000000
000000000
000000000
000000000
000000000
000000000
000000000
000000000
000000000
000000000
000000000
000000000
000000000
000000000
000000000
000000000
000000000
000000000
000000000
000000000
000000000
000000000
000000000
000000000
000000000
000000000
000000000
000000000
000000000
000000000
000000000
000000000
000000000
000000000
000000000
000000000
000000000
000000000
000000000
000000000
000000000
000000000
000000000
000000000
000000000
000000000
000000000
000000000
000000000
000000000
000000000
000000000
000000000
000000000
000000000
000000000
000000000
000000000
000000000
00001414f
000000000
000000000
000000000
00001515f
000000000
000000000
000000000
00001616f
000000000
000000000
000000000
00001717f
000000000
000000000
000000000
00001818f
000000000
000000000
000000000
00001919f
000000000
000000000
000000000
00001a1af
000000000
000000000
000000000
00001b1bf
000000000
000000000
000000000
00001c1cf
000000000
000000000
000000000
00001d1df
000000000
000000000
000000000
000000000
000000000
000000000
000000000
000000000
000000000
000000000
000000000
000000000
000000000
000000000
000000000
000000000
000000000
000000000
000000000
000000000
000000000
000000000
000000000
000000000
000000000
000000000
000000000
000000000
000000000
000000000
000000000
000000000
000000000
000000000
000000000
000000000
000000000
000000000
000000000
000000000
000000000
000000000
000000000
000000000
000000000
000000000
000000000
000000000
000000000
000000000
000000000
000000000
000000000
000000000
000000000
000000000
000000000
000000000
000000000
000000000
00001e1ef
000000000
000000000
000000000
00001f1ff
000000000
000000000
000000000
00002020f
000000000
000000000
000000000
00002121f
000000000
000000000
000000000
00002222f
000000000
000000000
000000000
00002323f
000000000
000000000
000000000
00002424f
000000000
000000000
000000000
00002525f
000000000
000000000
000000000
00002626f
000000000
000000000
000000000
00002727f
000000000
000000000
000000000
000000000
000000000
000000000
000000000
000000000
000000000
000000000
000000000
000000000
000000000
000000000
000000000
000000000
000000000
000000000
000000000
000000000
000000000
000000000
000000000
000000000
000000000
000000000
000000000
000000000
000000000
000000000
000000000
000000000
000000000
000000000
000000000
000000000
000000000
000000000
000000000
000000000
000000000
000000000
000000000
000000000
000000000
000000000
000000000
000000000
000000000
000000000
000000000
000000000
000000000
000000000
000000000
000000000
000000000
000000000
000000000
000000000
000000000
000000000
000000000
000000000
000000000
000000000
000000000
000000000
000000000
000000000
000000000
000000000
000000000
000000000
000000000
00002828f
000000000
000000000
000000000
00002929f
000000000
000000000
000000000
00002a2af
000000000
000000000
000000000
00002b2bf
000000000
000000000
000000000
00002c2cf
000000000
000000000
000000000
00002d2df
000000000
000000000
000000000
00002e2ef
000000000
000000000
000000000
00002f2ff
000000000
000000000
000000000
00003030f
000000000
000000000
000000000
00003131f
000000000
000000000
000000000
000000000
000000000
000000000
000000000
000000000
000000000
000000000
000000000
000000000
000000000
000000000
000000000
000000000
000000000
000000000
000000000
000000000
000000000
000000000
000000000
000000000
000000000
000000000
000000000
000000000
000000000
000000000
000000000
000000000
000000000
000000000
000000000
000000000
000000000
000000000
000000000
000000000
000000000
000000000
000000000
000000000
000000000
000000000
000000000
000000000
000000000
000000000
000000000
000000000
000000000
000000000
000000000
000000000
000000000
000000000
000000000
000000000
00003232f
000000000
000000000
000000000
00003333f
000000000
000000000
000000000
00003434f
000000000
000000000
000000000
00003535f
000000000
000000000
000000000
00003636f
000000000
000000000
000000000
00003737f
000000000
000000000
000000000
00003838f
000000000
000000000
000000000
00003939f
000000000
000000000
000000000
00003a3af
000000000
000000000
000000000
00003b3bf
000000000
000000000
000000000
000000000
000000000
000000000
000000000
000000000
000000000
000000000
000000000
000000000
000000000
000000000
000000000
000000000
000000000
000000000
000000000
000000000
000000000
000000000
000000000
000000000
000000000
000000000
000000000
000000000
000000000
000000000
000000000
000000000
000000000
000000000
000000000
000000000
000000000
000000000
000000000
000000000
000000000
000000000
000000000
000000000
000000000
000000000
000000000
000000000
000000000
000000000
000000000
000000000
000000000
000000000
000000000
000000000
000000000
000000000
000000000
000000000
000000000
000000000
000000000
000000000
000000000
000000000
000000000
000000000
000000000
000000000
000000000
000000000
000000000
000000000
000000000
00003c3cf
000000000
000000000
000000000
00003d3df
000000000
000000000
000000000
00003e3ef
000000000
000000000
000000000
00003f3ff
000000000
000000000
000000000
00004000f
000000000
000000000
000000000
00004101f
000000000
000000000
000000000
00004202f
000000000
000000000
000000000
00004303f
000000000
000000000
000000000
00004404f
000000000
000000000
000000000
00004505f
000000000
000000000
000000000
000000000
000000000
000000000
000000000
000000000
000000000
000000000
000000000
000000000
000000000
000000000
000000000
000000000
000000000
000000000
000000000
000000000
000000000
000000000
000000000
000000000
000000000
000000000
000000000
000000000
000000000
000000000
000000000
000000000
000000000
000000000
000000000
000000000
000000000
000000000
000000000
000000000
000000000
000000000
000000000
000000000
00004606f
000000000
000000000
000000000
00004707f
000000000
000000000
000000000
00004808f
000000000
000000000
000000000
00004909f
000000000
000000000
000000000
00004a0af
000000000
000000000
000000000
00004b0bf
000000000
000000000
000000000
00004c0cf
000000000
000000000
000000000
00004d0df
000000000
000000000
000000000
00004e0ef
000000000
000000000
000000000
00004f0ff
000000000
000000000
000000000
000000000
000000000
000000000
000000000
000000000
000000000
000000000
000000000
000000000
000000000
000000000
000000000
000000000
000000000
000000000
000000000
000000000
000000000
000000000
00005010f
000000000
000000000
000000000
00005111f
000000000
000000000
000000000
00005212f
000000000
000000000
000000000
00005313f
000000000
000000000
000000000
00005414f
000000000
000000000
000000000
00005515f
000000000
000000000
000000000
00005616f
000000000
000000000
000000000
00005717f
000000000
000000000
000000000
00005818f
000000000
000000000
000000000
00005919f
000000000
000000000
000000000
000000000
000000000
000000000
000000000
000000000
000000000
000000000
000000000
000000000
000000000
000000000
000000000
000000000
000000000
000000000
000000000
000000000
000000000
000000000
00005a1af
000000000
000000000
000000000
00005b1bf
000000000
000000000
000000000
00005c1cf
000000000
000000000
000000000
00005d1df
000000000
000000000
000000000
00005e1ef
000000000
000000000
000000000
00005f1ff
000000000
000000000
000000000
00006020f
000000000
000000000
000000000
00006121f
000000000
000000000
000000000
00006222f
000000000
000000000
000000000
00006323f
000000000
000000000
000000000
000000000
000000000
000000000
000000000
000000000
000000000
000000000
000000000
000000000
000000000
000000000
000000000
000000000
000000000
000000000
000000000
000000000
000000000
000000000
00006424f
000000000
000000000
000000000
00006525f
000000000
000000000
000000000
00006626f
000000000
000000000
000000000
00006727f
000000000
000000000
000000000
00006828f
000000000
000000000
000000000
00006929f
000000000
000000000
000000000
00006a2af
000000000
000000000
000000000
00006b2bf
000000000
000000000
000000000
00006c2cf
000000000
000000000
000000000
00006d2df
000000000
000000000
000000000
000000000
000000000
000000000
000000000
000000000
000000000
000000000
000000000
000000000
000000000
000000000
000000000
000000000
000000000
000000000
000000000
000000000
000000000
000000000
00006e2ef
000000000
000000000
000000000
00006f2ff
000000000
000000000
000000000
00007030f
000000000
000000000
000000000
00007131f
000000000
000000000
000000000
00007232f
000000000
000000000
000000000
00007333f
000000000
000000000
000000000
00007434f
000000000
000000000
000000000
00007535f
000000000
000000000
000000000
00007636f
000000000
000000000
000000000
00007737f
000000000
000000000
000000000
000000000
000000000
000000000
000000000
000000000
000000000
000000000
000000000
000000000
000000000
000000000
000000000
000000000
000000000
000000000
000000000
000000000
000000000
000000000
00007838f
000000000
000000000
000000000
00007939f
000000000
000000000
000000000
00007a3af
000000000
000000000
000000000
00007b3bf
000000000
000000000
000000000
00007c3cf
000000000
000000000
000000000
00007d3df
000000000
000000000
000000000
00007e3ef
000000000
000000000
000000000
00007f3ff
000000000
