000000003 000000000 000000000 000000000 000000000 0
000001007 000000000 000000000 000000000 000000000 0
000002023 000000000 000000000 000000000 000000000 0
000003027 000000000 02000000c 000000000 000000000 0
000004043 000000000 02020002c 000000000 000000000 0
000005047 000000000 020e0010c 000000000 000000000 0
000006063 000000000 02100012c 000000000 000000000 0
000007067 000000000 021c0020c 000000000 000000000 0
000008083 000000000 021e0022c 000000000 000000000 0
000009087 000000000 022a0030c 000000000 000000000 0
00000a0a3 000000000 022c0032c 000000000 000000000 0
00000b0a7 000000000 02380040c 000402004 000000000 0
00000c0c3 000000000 023a0042c 000000000 000000000 0
00000d0c7 000000000 02460050c 0012100e4 000000000 0
00000e0e3 000000000 02480052c 000000000 000000000 0
00000f0e7 000000000 02540060c 00201e1c4 000000000 0
000010103 000000000 02560062c 000000000 000000000 0
000011107 000000000 02620070c 002e2c2a4 000000000 0
000012123 000000000 040404003 000000000 000000000 0
000013127 000000000 040804023 003c3a384 000000000 0
000014143 000000000 041412103 000000000 000000000 0
000015147 000000000 041812123 004a48464 000000000 0
000016163 000000000 042420203 000000000 000000000 0
000017167 000000000 042820223 005856544 000000000 0
000018183 000000000 04342e303 000000000 000000000 0
000019187 000000000 04382e323 000000000 040605041 0
00001a1a3 000000000 04443c403 000000000 000000000 0
00001b1a7 000000000 04483c423 000000000 000000000 0
00001c1c3 000000000 04544a503 000000000 000000000 0
00001d1c7 000000000 04584a523 000000000 040a09041 0
00001e1e3 000000000 046458603 000000000 000000000 0
00001f1e7 000000000 046858623 000000000 000000000 0
000020203 000000000 02640072c 000000000 000000000 0
000021207 000000000 02700080c 000000000 041615041 0
000022223 000000000 02720082c 000000000 000000000 0
000023227 000000000 027e0090c 000000000 000000000 0
000024243 000000000 02800092c 000000000 000000000 0
000025247 000000000 028e00a2c 000000000 041a19041 0
000026263 000000000 028c00a0c 000000000 000000000 0
000027267 000000000 029a00b0c 006664624 000000000 0
000028283 000000000 029c00b2c 000000000 000000000 0
000029287 000000000 02a800c0c 007472704 042625041 0
00002a2a3 000000000 02aa00c2c 000000000 000000000 0
00002b2a7 000000000 02b600d0c 0082807e4 000000000 0
00002c2c3 000000000 02b800d2c 000000000 000000000 0
00002d2c7 000000000 02c600e2c 00908e8c4 042a29041 0
00002e2e3 000000000 02c400e0c 000000000 000000000 0
00002f2e7 000000000 02d200f0c 009e9c9a4 000000000 0
000030303 000000000 02d400f2c 000000000 000000000 0
000031307 000000000 02e00100c 00acaaa84 043635041 0
000032323 000000000 02e20102c 000000000 000000000 0
000033327 000000000 02ee0110c 00bab8b64 000000000 0
000034343 000000000 02f00112c 000000000 000000000 0
000035347 000000000 02060006b 00c8c6c44 043a39041 0
000036363 000000000 02fc0120c 000000000 000000000 0
000037367 000000000 030a0130c 00d6d4d24 000000000 0
000038383 000000000 02fe0122c 000000000 000000000 0
000039387 000000000 0208000ab 00e4e2e04 044645041 0
00003a3a3 000000000 030c0132c 000000000 000000000 0
00003b3a7 000000000 03180140c 00f2f0ee4 000000000 0
00003c3c3 000000000 031a0142c 000000000 000000000 0
00003d3c7 000000000 02140016b 000000000 044a49041 0
00003e3e3 000000000 03260150c 000000000 000000000 0
00003f3e7 000000000 03340160c 0100fefc4 000000000 0
000000000 000000000 03280152c 000000000 000000000 0
000000000 000000000 0216001ab 010f0d0a4 045655041 0
000000000 000000000 03360162c 000000000 000000000 0
000000000 000000000 03420170c 011d1b184 000000000 0
000000000 000000000 03440172c 000000000 000000000 0
000000000 000000000 02220026b 000a08062 045a59041 0
000000000 000000000 03500180c 000000000 000000000 0
000000000 000000000 035e0190c 012b29264 000000000 0
000000000 000000000 03520182c 000000000 000000000 0
000000000 000000000 0224002ab 013937344 046665041 0
000000000 000000000 03600192c 000000000 000000000 0
000000000 000000000 036c01a0c 014745424 000000000 0
000000000 000000000 036e01a2c 000000000 040c0a003 0
000000000 000000000 02300036b 001816142 046a69041 0
000000000 000000000 037a01b0c 000000000 000000000 0
000000000 000000000 038801c0c 015553504 000000000 0
000000000 000000000 037c01b2c 000000000 000000000 0
000000000 000000000 0232003ab 0163615e4 000000000 0
000000000 000000000 038a01c2c 000000000 000000000 0
000000000 000000000 039601d0c 01716f6c4 000000000 0
000000000 000000000 039801d2c 000000000 041a18003 0
000000000 000000000 023e0046b 002624222 000000000 0
000000000 000000000 03a401e0c 000000000 000000000 0
000000000 000000000 03b201f0c 017f7d7a4 000000000 0
000000000 000000000 03a601e2c 000000000 000000000 0
000000000 000000000 0240004ab 018d8b884 000000000 0
000000000 000000000 03b401f2c 000000000 000000000 0
000000000 000000000 000000000 019b99964 000000000 0
000000000 000000000 000000000 000000000 042826003 0
000000000 000000000 024c0056b 003432302 000000000 0
000000000 000000000 000000000 000000000 000000000 0
000000000 000000000 000000000 01a9a7a44 000000000 0
000000000 000000000 000000000 000000000 000000000 0
000000000 000000000 024e005ab 01b7b5b24 000000000 0
000000000 000000000 040c0c061 000000000 000000000 0
000000000 000000000 040e0c0a1 000000000 000000000 0
000000000 000000000 047466703 000000000 043634003 0
000000000 000000000 025a0066b 0042403e2 000000000 0
000000000 000000000 047866723 000000000 000000000 0
000000000 000000000 041c1a161 000000000 000000000 0
000000000 000000000 041e1a1a1 000000000 000000000 0
000000000 00000001b 025c006ab 000000000 000000000 0
000041007 00000101f 048474803 000000000 000000000 0
000040003 000000000 048874823 000000000 047675041 0
000000000 000000000 04a490a03 000000000 044442003 0
000000000 000000000 049482903 00504e4c2 000000000 0
000000000 00000203b 049882923 000000000 000000000 0
000043027 00000303f 042e282a1 000000000 047a79041 0
000042023 000000000 042c28261 000000000 000000000 0
000000000 000000000 04a890a23 000000000 000000000 0
000000000 000000000 04b49eb03 000000000 000000000 0
000000000 000000000 03c00000c 000000000 048685041 0
000000000 000000000 03c20002c 000000000 045250003 0
000000000 000000000 03d00012c 005e5c5a2 000000000 0
000000000 00000505f 03ce0010c 000000000 000000000 0
000044043 00000405b 000000000 000000000 048a89041 0
000045047 000000000 000000000 000000000 000000000 0
000000000 000000000 000000000 000000000 000000000 0
000000000 000000000 03dc0020c 000000000 000000000 0
000000000 000000000 03de0022c 01c5c3c04 049695041 0
000000000 000000000 000000000 000000000 04605e003 0
000000000 000000000 000000000 01d3d1ce4 000000000 0
000000000 000000000 000000000 000000000 000000000 0
000000000 000000000 000000000 000000000 049a99041 0
000000000 000000000 000000000 000000000 000000000 0
000000000 000000000 000000000 000000000 000000000 0
000000000 000000000 000000000 01e1dfdc4 000000000 0
000000000 000000000 000000000 000000000 04a6a5041 0
000000000 000000000 000000000 000000000 000000000 0
000000000 000000000 000000000 000000000 000000000 0
000000000 000000000 000000000 000000000 000000000 0
000000000 000000000 02680076b 000000000 04aaa9041 0
000000000 000000000 000000000 000000000 000000000 0
000000000 000000000 000000000 000000000 000000000 0
000000000 000000000 000000000 000000000 000000000 0
000000000 000000000 026a007ab 000000000 04b6b5041 0
000000000 000000000 000000000 000000000 000000000 0
000000000 000000000 000000000 000000000 000000000 0
000000000 000000000 000000000 000000000 000000000 0
000000000 000000000 02760086b 000000000 000000000 0
000000000 000000000 000000000 000000000 000000000 0
000000000 000000000 000000000 000000000 000000000 0
000000000 000000000 000000000 000000000 000000000 0
000000000 000000000 0278008ab 000000000 000000000 0
000000000 000000000 000000000 000000000 000000000 0
000000000 000000000 000000000 000000000 000000000 0
000000000 000000000 000000000 000000000 000000000 0
000000000 000000000 02840096b 006c6a682 000000000 0
000000000 000000000 000000000 000000000 000000000 0
000000000 000000000 000000000 000000000 000000000 0
000000000 000000000 000000000 000000000 000000000 0
000000000 000000000 0286009ab 000000000 000000000 0
000000000 000000000 000000000 000000000 000000000 0
000000000 000000000 000000000 000000000 000000000 0
000000000 000000000 000000000 000000000 046e6c003 0
000000000 000000000 029200a6b 007a78762 000000000 0
000000000 000000000 043c36361 000000000 000000000 0
000000000 000000000 043e363a1 000000000 000000000 0
000000000 000000000 044c44461 000000000 000000000 0
000000000 000000000 044e444a1 000000000 000000000 0
000000000 000000000 045c52561 000000000 000000000 0
000000000 000000000 045e525a1 000000000 000000000 0
000000000 000000000 046c60661 000000000 047c7a003 0
000000000 00000607b 046e606a1 008886842 000000000 0
000046063 00000707f 029400aab 000000000 000000000 0
000047067 00000809b 02a000b6b 000000000 000000000 0
000048083 00000909f 04b89eb23 000000000 000000000 0
000049087 00000a0bb 04c4acc03 000000000 000000000 0
00004a0a3 00000b0bf 04c8acc23 000000000 000000000 0
00004b0a7 00000c0db 04d4bad03 000000000 000000000 0
00004d0c7 00000d0df 04d8bad23 000000000 048a88003 0
00004c0c3 000000000 04e4c8e03 000000000 000000000 0
000000000 000000000 04e8c8e23 000000000 000000000 0
000000000 000000000 047c6e761 000000000 04bab9041 0
000000000 000000000 047e6e7a1 000000000 000000000 0
000000000 000000000 04f4d6f03 000000000 000000000 0
000000000 000000000 04f8d6f23 009694922 000000000 0
000000000 000000000 0504e5003 000000000 04c6c5041 0
000000000 000000000 0508e5023 000000000 000000000 0
000000000 000000000 0514f3103 000000000 000000000 0
000000000 00000e0fb 0518f3123 000000000 000000000 0
00004e0e3 00000f0ff 03ec0032c 000000000 04cac9041 0
00004f0e7 000000000 03f80040c 000000000 000000000 0
000000000 000000000 03ea0030c 000000000 049896003 0
000000000 000000000 03fa0042c 000000000 000000000 0
000000000 000000000 02060050c 000000000 04d6d5041 0
000000000 000000000 02080052c 000000000 000000000 0
000000000 000000000 02140060c 000000000 000000000 0
000000000 000000000 02160062c 000000000 000000000 0
000000000 000000000 02240072c 000000000 04dad9041 0
000000000 000000000 02220070c 01efedea4 000000000 0
000000000 000000000 000000000 01fdfbf84 000000000 0
000000000 000000000 000000000 000000000 000000000 0
000000000 000000000 000000000 000a08064 04e6e5041 0
000000000 000000000 000000000 000000000 000000000 0
000000000 000000000 000000000 000000000 000000000 0
000000000 000000000 000000000 001816144 000000000 0
000000000 000000000 000000000 002624224 04eae9041 0
000000000 000000000 000000000 000000000 000000000 0
000000000 000000000 000000000 000000000 000000000 0
000000000 000000000 000000000 000000000 000000000 0
000000000 000000000 02a200bab 000000000 04f6f5041 0
000000000 000000000 000000000 000000000 000000000 0
000000000 000000000 000000000 000000000 000000000 0
000000000 000000000 000000000 000000000 000000000 0
000000000 000000000 02ae00c6b 000000000 04faf9041 0
000000000 000000000 000000000 000000000 000000000 0
000000000 000000000 000000000 000000000 000000000 0
000000000 000000000 000000000 000000000 000000000 0
000000000 000000000 02b000cab 000000000 050705041 0
000000000 000000000 000000000 000000000 000000000 0
000000000 000000000 000000000 000000000 000000000 0
000000000 000000000 000000000 000000000 000000000 0
000000000 000000000 02bc00d6b 00a4a2a02 050b09041 0
000000000 000000000 000000000 000000000 000000000 0
000000000 000000000 000000000 000000000 000000000 0
000000000 000000000 000000000 000000000 000000000 0
000000000 000000000 02be00dab 000000000 051715041 0
000000000 000000000 000000000 000000000 000000000 0
000000000 000000000 000000000 000000000 000000000 0
000000000 000000000 000000000 000000000 04a6a4003 0
000000000 000000000 02ca00e6b 00b2b0ae2 051b19041 0
000000000 000000000 000000000 000000000 000000000 0
000000000 000000000 000000000 000000000 000000000 0
000000000 000000000 000000000 000000000 000000000 0
000000000 000000000 02cc00eab 000000000 000000000 0
000000000 000000000 000000000 000000000 000000000 0
000000000 000000000 000000000 000000000 000000000 0
000000000 000000000 000000000 000000000 04b4b2003 0
000000000 000000000 02d800f6b 00c0bebc2 000000000 0
000000000 000000000 000000000 000000000 000000000 0
000000000 000000000 000000000 000000000 000000000 0
000000000 000000000 000000000 000000000 000000000 0
000000000 000000000 02da00fab 000000000 000000000 0
000000000 000000000 000000000 000000000 000000000 0
000000000 000000000 000000000 000000000 000000000 0
000000000 000000000 000000000 000000000 04c2c0003 0
000000000 000000000 02e60106b 00ceccca2 000000000 0
000000000 000000000 000000000 000000000 000000000 0
000000000 000000000 000000000 000000000 000000000 0
000000000 000000000 000000000 000000000 000000000 0
000000000 000000000 02e8010ab 000000000 000000000 0
000000000 000000000 048c7c861 000000000 000000000 0
000000000 000000000 048e7c8a1 000000000 000000000 0
000000000 000000000 049c8a961 000000000 04d0ce003 0
000000000 000000000 049e8a9a1 000000000 000000000 0
000000000 000000000 04ac98a61 000000000 000000000 0
000000000 000000000 04ae98aa1 000000000 000000000 0
000000000 000000000 04bca6b61 00dcdad82 000000000 0
000000000 00001011b 04bea6ba1 000000000 000000000 0
000050103 00001111f 04ceb4ca1 000000000 000000000 0
000051107 00001213b 04ccb4c61 000000000 000000000 0
000052123 00001313f 02f6011ab 000000000 000000000 0
000053127 00001415b 02f40116b 00eae8e62 000000000 0
000054143 00001515f 052501203 000000000 000000000 0
000055147 00001617b 04dcc2d61 000000000 04dedc003 0
000056163 00001717f 04dec2da1 000000000 000000000 0
000057167 00001919f 052901223 000000000 000000000 0
000058183 00001819b 05350f303 000000000 000000000 0
000059187 000000000 05390f323 000000000 000000000 0
000000000 000000000 05451d403 000000000 04ecea003 0
000000000 000000000 05491d423 000000000 052725041 0
000000000 00001a1bb 05552b503 000000000 000000000 0
00005b1a7 00001b1bf 04eed0ea1 000000000 000000000 0
00005a1a3 000000000 04ecd0e61 000000000 000000000 0
000000000 000000000 05592b523 00f8f6f42 052b29041 0
000000000 000000000 056539603 000000000 000000000 0
000000000 000000000 056939623 000000000 000000000 0
000000000 000000000 057547703 000000000 000000000 0
000000000 000000000 02300080c 000000000 053735041 0
000000000 00001d1df 02320082c 000000000 000000000 0
00005d1c7 00001c1db 023e0090c 000000000 000000000 0
00005c1c3 000000000 02400092c 000000000 04faf8003 0
000000000 000000000 024e00a2c 000000000 053b39041 0
000000000 000000000 024c00a0c 000000000 000000000 0
000000000 000000000 025a00b0c 000000000 000000000 0
000000000 000000000 025c00b2c 000000000 000000000 0
000000000 000000000 026800c0c 003432304 054745041 0
000000000 000000000 026a00c2c 000000000 000000000 0
000000000 000000000 027600d0c 0042403e4 000000000 0
000000000 000000000 027800d2c 000000000 000000000 0
000000000 000000000 028600e2c 00504e4c4 054b49041 0
000000000 000000000 028400e0c 000000000 000000000 0
000000000 000000000 000000000 005e5c5a4 000000000 0
000000000 000000000 000000000 000000000 000000000 0
000000000 000000000 000000000 006c6a684 055755041 0
000000000 000000000 000000000 000000000 000000000 0
000000000 000000000 000000000 007a78764 000000000 0
000000000 000000000 000000000 000000000 000000000 0
000000000 000000000 03020126b 008886844 055b59041 0
000000000 000000000 000000000 000000000 000000000 0
000000000 000000000 000000000 000000000 000000000 0
000000000 000000000 000000000 000000000 000000000 0
000000000 000000000 0304012ab 000000000 056765041 0
000000000 000000000 000000000 000000000 000000000 0
000000000 000000000 000000000 000000000 000000000 0
000000000 000000000 000000000 000000000 000000000 0
000000000 000000000 03100136b 000000000 056b69041 0
000000000 000000000 000000000 000000000 000000000 0
000000000 000000000 000000000 000000000 000000000 0
000000000 000000000 000000000 000000000 000000000 0
000000000 000000000 0312013ab 000000000 057775041 0
000000000 000000000 000000000 000000000 000000000 0
000000000 000000000 000000000 000000000 000000000 0
000000000 000000000 000000000 000000000 000000000 0
000000000 000000000 031e0146b 010705022 000000000 0
000000000 000000000 000000000 000000000 000000000 0
000000000 000000000 000000000 000000000 000000000 0
000000000 000000000 000000000 000000000 000000000 0
000000000 000000000 0320014ab 000000000 000000000 0
000000000 000000000 000000000 000000000 000000000 0
000000000 000000000 000000000 000000000 000000000 0
000000000 000000000 000000000 000000000 050906003 0
000000000 000000000 032c0156b 011513102 000000000 0
000000000 000000000 000000000 000000000 000000000 0
000000000 000000000 000000000 000000000 000000000 0
000000000 000000000 000000000 000000000 000000000 0
000000000 000000000 032e015ab 000000000 000000000 0
000000000 000000000 000000000 000000000 000000000 0
000000000 000000000 000000000 000000000 000000000 0
000000000 000000000 000000000 000000000 051714003 0
000000000 000000000 033a0166b 0123211e2 000000000 0
000000000 000000000 04fcdef61 000000000 000000000 0
000000000 000000000 04fedefa1 000000000 000000000 0
000000000 000000000 050ced061 000000000 000000000 0
000000000 000000000 050eed0a1 000000000 000000000 0
000000000 000000000 051cfb161 000000000 000000000 0
000000000 000000000 051efb1a1 000000000 000000000 0
000000000 000000000 033c016ab 000000000 052522003 0
000000000 00001e1fb 03480176b 01312f2c2 000000000 0
00005e1e3 00001f1ff 057947723 000000000 000000000 0
00005f1e7 00002021b 052d09261 000000000 000000000 0
000060203 00002121f 052f092a1 000000000 000000000 0
000061207 00002223b 058555803 000000000 000000000 0
000063227 00002323f 058955823 000000000 000000000 0
000062223 000000000 059563903 000000000 000000000 0
000000000 000000000 059963923 000000000 053330003 0
000000000 000000000 05a971a23 000000000 057b79041 0
000000000 00002425b 05a571a03 000000000 000000000 0
000064243 00002525f 053f173a1 000000000 000000000 0
000065247 000000000 053d17361 013f3d3a2 000000000 0
000000000 000000000 05b57fb03 000000000 058785041 0
000000000 000000000 05b97fb23 000000000 000000000 0
000000000 000000000 05c58dc03 000000000 000000000 0
000000000 000000000 05c98dc23 000000000 000000000 0
000000000 000000000 029400f2c 000000000 058b89041 0
000000000 00002727f 029200f0c 000000000 000000000 0
000066263 00002627b 02a00100c 000000000 05413e003 0
000067267 000000000 02ae0110c 000000000 000000000 0
000000000 000000000 02a20102c 000000000 059795041 0
000000000 000000000 02b00112c 000000000 000000000 0
000000000 000000000 02bc0120c 000000000 000000000 0
000000000 000000000 02be0122c 000000000 000000000 0
000000000 000000000 02cc0132c 009694924 059b99041 0
000000000 000000000 02ca0130c 000000000 000000000 0
000000000 000000000 000000000 000000000 000000000 0
000000000 000000000 000000000 00a4a2a04 000000000 0
000000000 000000000 000000000 00b2b0ae4 05a7a5041 0
000000000 000000000 000000000 000000000 000000000 0
000000000 000000000 000000000 000000000 000000000 0
000000000 000000000 000000000 00c0bebc4 000000000 0
000000000 000000000 000000000 00ceccca4 05aba9041 0
000000000 000000000 000000000 000000000 000000000 0
000000000 000000000 000000000 000000000 000000000 0
000000000 000000000 000000000 000000000 000000000 0
000000000 000000000 034a017ab 000000000 05b7b5041 0
000000000 000000000 000000000 000000000 000000000 0
000000000 000000000 000000000 000000000 000000000 0
000000000 000000000 000000000 000000000 000000000 0
000000000 000000000 03560186b 000000000 05bbb9041 0
000000000 000000000 000000000 000000000 000000000 0
000000000 000000000 000000000 000000000 000000000 0
000000000 000000000 000000000 000000000 000000000 0
000000000 000000000 0358018ab 000000000 05c7c5041 0
000000000 000000000 000000000 000000000 000000000 0
000000000 000000000 000000000 000000000 000000000 0
000000000 000000000 000000000 000000000 000000000 0
000000000 000000000 03640196b 014d4b482 05cbc9041 0
000000000 000000000 000000000 000000000 000000000 0
000000000 000000000 000000000 000000000 000000000 0
000000000 000000000 000000000 000000000 000000000 0
000000000 000000000 0366019ab 000000000 000000000 0
000000000 000000000 000000000 000000000 000000000 0
000000000 000000000 000000000 000000000 000000000 0
000000000 000000000 000000000 000000000 054f4c003 0
000000000 000000000 037201a6b 015b59562 000000000 0
000000000 000000000 000000000 000000000 000000000 0
000000000 000000000 000000000 000000000 000000000 0
000000000 000000000 000000000 000000000 000000000 0
000000000 000000000 037401aab 000000000 000000000 0
000000000 000000000 000000000 000000000 000000000 0
000000000 000000000 000000000 000000000 000000000 0
000000000 000000000 000000000 000000000 055d5a003 0
000000000 000000000 038001b6b 016967642 000000000 0
000000000 000000000 000000000 000000000 000000000 0
000000000 000000000 000000000 000000000 000000000 0
000000000 000000000 000000000 000000000 000000000 0
000000000 000000000 038201bab 000000000 000000000 0
000000000 000000000 054d25461 000000000 000000000 0
000000000 000000000 054f254a1 000000000 000000000 0
000000000 000000000 055d33561 000000000 056b68003 0
000000000 000000000 055f335a1 000000000 000000000 0
000000000 000000000 056d41661 017775722 000000000 0
000000000 000000000 056f416a1 000000000 000000000 0
000000000 000000000 057d4f761 000000000 000000000 0
000000000 00002829b 057f4f7a1 000000000 000000000 0
000068283 00002929f 039001cab 000000000 000000000 0
000069287 00002a2bb 038e01c6b 000000000 000000000 0
00006a2a3 00002b2bf 05d59bd03 000000000 000000000 0
00006b2a7 00002c2db 0405c4003 018583802 057976003 0
00006c2c3 00002d2df 05d99bd23 000000000 000000000 0
00006d2c7 00002e2fb 058d5d861 000000000 000000000 0
00006e2e3 00002f2ff 058f5d8a1 000000000 000000000 0
00006f2e7 000000000 05e5a9e03 000000000 000000000 0
000000000 000000000 05e9a9e23 000000000 000000000 0
000000000 000000000 05f5b7f03 000000000 05d7d5041 0
000000000 000000000 05f9b7f23 000000000 058784003 0
000000000 000000000 0409c4023 000000000 000000000 0
000000000 00003031b 0415d2103 000000000 000000000 0
000070303 00003131f 059f6b9a1 0193918e2 05dbd9041 0
000071307 000000000 059d6b961 000000000 000000000 0
000000000 000000000 0419d2123 000000000 000000000 0
000000000 000000000 0425e0203 000000000 000000000 0
000000000 000000000 02d80140c 000000000 05e7e5041 0
000000000 000000000 02da0142c 000000000 000000000 0
000000000 000000000 02e60150c 000000000 000000000 0
000000000 00003333f 02e80152c 000000000 059592003 0
000072323 00003233b 02f60162c 000000000 05ebe9041 0
000073327 000000000 02f40160c 000000000 000000000 0
000000000 000000000 03020170c 000000000 000000000 0
000000000 000000000 03040172c 000000000 000000000 0
000000000 000000000 03100180c 00dcdad84 05f7f5041 0
000000000 000000000 03120182c 000000000 000000000 0
000000000 000000000 031e0190c 00eae8e64 000000000 0
000000000 000000000 03200192c 000000000 000000000 0
000000000 000000000 000000000 00f8f6f44 05fbf9041 0
000000000 000000000 000000000 000000000 000000000 0
000000000 000000000 000000000 010705024 000000000 0
000000000 000000000 000000000 000000000 000000000 0
000000000 000000000 000000000 011513104 040605041 0
000000000 000000000 000000000 000000000 000000000 0
000000000 000000000 000000000 0123211e4 000000000 0
000000000 000000000 000000000 000000000 000000000 0
000000000 000000000 039c01d6b 000000000 040a09041 0
000000000 000000000 000000000 000000000 000000000 0
000000000 000000000 000000000 000000000 000000000 0
000000000 000000000 000000000 000000000 000000000 0
000000000 000000000 039e01dab 000000000 041615041 0
000000000 000000000 000000000 000000000 000000000 0
000000000 000000000 000000000 000000000 000000000 0
000000000 000000000 000000000 000000000 000000000 0
000000000 000000000 03aa01e6b 000000000 041a19041 0
000000000 000000000 000000000 000000000 000000000 0
000000000 000000000 000000000 000000000 000000000 0
000000000 000000000 000000000 000000000 000000000 0
000000000 000000000 03ac01eab 000000000 042625041 0
000000000 000000000 000000000 000000000 000000000 0
000000000 000000000 000000000 000000000 000000000 0
000000000 000000000 000000000 000000000 000000000 0
000000000 000000000 03b801f6b 01a19f9c2 000000000 0
000000000 000000000 000000000 000000000 000000000 0
000000000 000000000 000000000 000000000 000000000 0
000000000 000000000 000000000 000000000 000000000 0
000000000 000000000 03ba01fab 000000000 000000000 0
000000000 000000000 000000000 000000000 000000000 0
000000000 000000000 000000000 000000000 000000000 0
000000000 000000000 000000000 000000000 05a3a0003 0
000000000 000000000 03c60006b 01afadaa2 000000000 0
000000000 000000000 000000000 000000000 000000000 0
000000000 000000000 000000000 000000000 000000000 0
000000000 000000000 000000000 000000000 000000000 0
000000000 000000000 03c8000ab 000000000 000000000 0
000000000 000000000 000000000 000000000 000000000 0
000000000 000000000 000000000 000000000 000000000 0
000000000 000000000 000000000 000000000 05b1ae003 0
000000000 000000000 03d40016b 01bdbbb82 000000000 0
000000000 000000000 05ad79a61 000000000 000000000 0
000000000 000000000 05af79aa1 000000000 000000000 0
000000000 000000000 05bd87b61 000000000 000000000 0
000000000 000000000 05bf87ba1 000000000 000000000 0
000000000 000000000 05cd95c61 000000000 000000000 0
000000000 000000000 05cf95ca1 000000000 000000000 0
000000000 000000000 03d6001ab 000000000 05bfbc003 0
000000000 00003435b 03e20026b 01cbc9c62 000000000 0
000074343 00003535f 0429e0223 000000000 000000000 0
000075347 00003637b 05dda3d61 000000000 000000000 0
000076363 00003737f 05dfa3da1 000000000 000000000 0
000077367 00003839b 0435ee303 000000000 000000000 0
000079387 00003939f 0439ee323 000000000 000000000 0
000078383 000000000 0445fc403 000000000 000000000 0
000000000 000000000 0449fc423 000000000 05cdca003 0
000000000 000000000 04580a523 000000000 042a29041 0
000000000 00003a3bb 04540a503 000000000 000000000 0
00007a3a3 00003b3bf 05efb1ea1 000000000 000000000 0
00007b3a7 000000000 05edb1e61 01d9d7d42 000000000 0
000000000 000000000 046418603 000000000 043635041 0
000000000 000000000 046818623 000000000 000000000 0
000000000 000000000 047426703 000000000 000000000 0
000000000 000000000 047826723 000000000 000000000 0
000000000 000000000 032e01a2c 000000000 043a39041 0
000000000 00003d3df 032c01a0c 000000000 000000000 0
00007c3c3 00003c3db 033a01b0c 000000000 05dbd8003 0
00007d3c7 000000000 034801c0c 000000000 000000000 0
000000000 000000000 033c01b2c 000000000 044645041 0
000000000 000000000 034a01c2c 000000000 000000000 0
000000000 000000000 035601d0c 000000000 000000000 0
000000000 000000000 035801d2c 000000000 000000000 0
000000000 000000000 036601e2c 01312f2c4 044a49041 0
000000000 000000000 036401e0c 000000000 000000000 0
000000000 000000000 000000000 000000000 000000000 0
000000000 000000000 000000000 013f3d3a4 000000000 0
000000000 000000000 000000000 014d4b484 045655041 0
000000000 000000000 000000000 000000000 000000000 0
000000000 000000000 000000000 000000000 000000000 0
000000000 000000000 000000000 015b59564 000000000 0
000000000 000000000 000000000 016967644 045a59041 0
000000000 000000000 000000000 000000000 000000000 0
000000000 000000000 000000000 000000000 000000000 0
000000000 000000000 000000000 000000000 000000000 0
000000000 000000000 03e4002ab 000000000 046665041 0
000000000 000000000 000000000 000000000 000000000 0
000000000 000000000 000000000 000000000 000000000 0
000000000 000000000 000000000 000000000 000000000 0
000000000 000000000 03f00036b 000000000 046a69041 0
000000000 000000000 000000000 000000000 000000000 0
000000000 000000000 000000000 000000000 000000000 0
000000000 000000000 000000000 000000000 000000000 0
000000000 000000000 03f2003ab 000000000 047675041 0
000000000 000000000 000000000 000000000 000000000 0
000000000 000000000 000000000 000000000 000000000 0
000000000 000000000 000000000 000000000 000000000 0
000000000 000000000 03fe0046b 01e7e5e22 047a79041 0
000000000 000000000 000000000 000000000 000000000 0
000000000 000000000 000000000 000000000 000000000 0
000000000 000000000 000000000 000000000 000000000 0
000000000 000000000 0200004ab 000000000 000000000 0
000000000 000000000 000000000 000000000 000000000 0
000000000 000000000 000000000 000000000 000000000 0
000000000 000000000 000000000 000000000 05e9e6003 0
000000000 000000000 020c0056b 01f5f3f02 000000000 0
000000000 000000000 000000000 000000000 000000000 0
000000000 000000000 000000000 000000000 000000000 0
000000000 000000000 000000000 000000000 000000000 0
000000000 000000000 020e005ab 000000000 000000000 0
000000000 000000000 000000000 000000000 000000000 0
000000000 000000000 000000000 000000000 000000000 0
000000000 000000000 000000000 000000000 05f7f4003 0
000000000 000000000 021a0066b 000201fe2 000000000 0
000000000 000000000 000000000 000000000 000000000 0
000000000 000000000 000000000 000000000 000000000 0
000000000 000000000 000000000 000000000 000000000 0
000000000 000000000 021c006ab 000000000 000000000 0
000000000 000000000 05fdbff61 000000000 000000000 0
000000000 000000000 05ffbffa1 000000000 000000000 0
000000000 000000000 040dcc061 000000000 040402003 0
000000000 000000000 040fcc0a1 000000000 000000000 0
000000000 000000000 041dda161 00100e0c2 000000000 0
000000000 000000000 041fda1a1 000000000 000000000 0
000000000 000000000 042de8261 000000000 000000000 0
000000000 00003e3fb 042fe82a1 000000000 000000000 0
00007e3e3 00003f3ff 022a007ab 000000000 000000000 0
00007f3e7 00004001b 02280076b 000000000 000000000 0
000000000 00004101f 048434803 000000000 000000000 0
000000000 00004203b 04b45eb03 001e1c1a2 041210003 0
000000000 00004303f 048834823 000000000 000000000 0
000000000 00004405b 043df6361 000000000 000000000 0
000000000 00004505f 043ff63a1 000000000 000000000 0
000000000 000000000 049442903 000000000 000000000 0
000000000 000000000 049842923 000000000 000000000 0
000000000 000000000 04a450a03 000000000 048685041 0
000000000 000000000 04a850a23 000000000 04201e003 0
000000000 000000000 04b85eb23 000000000 000000000 0
000000000 00004607b 04c46cc03 000000000 000000000 0
000000000 00004707f 044e044a1 002c2a282 048a89041 0
000000000 000000000 044c04461 000000000 000000000 0
000000000 000000000 04c86cc23 000000000 000000000 0
000000000 000000000 04d47ad03 000000000 000000000 0
000000000 000000000 037201f0c 000000000 049695041 0
000000000 000000000 037401f2c 000000000 000000000 0
000000000 000000000 000000000 000000000 000000000 0
000000000 00004909f 000000000 000000000 042e2c003 0
000000000 00004809b 000000000 000000000 049a99041 0
000000000 000000000 000000000 000000000 000000000 0
000000000 000000000 000000000 000000000 000000000 0
000000000 000000000 000000000 000000000 000000000 0
000000000 000000000 000000000 017775724 04a6a5041 0
000000000 000000000 000000000 000000000 000000000 0
000000000 000000000 000000000 000000000 000000000 0
000000000 000000000 000000000 000000000 000000000 0
000000000 000000000 000000000 000000000 04aaa9041 0
000000000 000000000 000000000 000000000 000000000 0
000000000 000000000 000000000 000000000 000000000 0
000000000 000000000 000000000 000000000 000000000 0
000000000 000000000 000000000 000000000 04b6b5041 0
000000000 000000000 000000000 000000000 000000000 0
000000000 000000000 000000000 000000000 000000000 0
000000000 000000000 000000000 000000000 000000000 0
000000000 000000000 02360086b 000000000 04bab9041 0
000000000 000000000 000000000 000000000 000000000 0
000000000 000000000 000000000 000000000 000000000 0
000000000 000000000 000000000 000000000 000000000 0
000000000 000000000 0238008ab 000000000 04c6c5041 0
000000000 000000000 000000000 000000000 000000000 0
000000000 000000000 000000000 000000000 000000000 0
000000000 000000000 000000000 000000000 000000000 0
000000000 000000000 02440096b 000000000 04cac9041 0
000000000 000000000 000000000 000000000 000000000 0
000000000 000000000 000000000 000000000 000000000 0
000000000 000000000 000000000 000000000 000000000 0
000000000 000000000 0246009ab 000000000 04d6d5041 0
000000000 000000000 000000000 000000000 000000000 0
000000000 000000000 000000000 000000000 000000000 0
000000000 000000000 000000000 000000000 000000000 0
000000000 000000000 025200a6b 003a38362 000000000 0
000000000 000000000 000000000 000000000 000000000 0
000000000 000000000 000000000 000000000 000000000 0
000000000 000000000 000000000 000000000 000000000 0
000000000 000000000 025400aab 000000000 000000000 0
000000000 000000000 000000000 000000000 000000000 0
000000000 000000000 000000000 000000000 000000000 0
000000000 000000000 000000000 000000000 043c3a003 0
000000000 000000000 026000b6b 004846442 000000000 0
000000000 000000000 000000000 000000000 000000000 0
000000000 000000000 000000000 000000000 000000000 0
000000000 000000000 000000000 000000000 000000000 0
000000000 000000000 026200bab 000000000 000000000 0
000000000 000000000 000000000 000000000 000000000 0
000000000 000000000 000000000 000000000 000000000 0
000000000 000000000 000000000 000000000 044a48003 0
000000000 000000000 026e00c6b 005654522 000000000 0
000000000 000000000 045c12561 000000000 000000000 0
000000000 000000000 045e125a1 000000000 000000000 0
000000000 000000000 046c20661 000000000 000000000 0
000000000 000000000 046e206a1 000000000 000000000 0
000000000 000000000 047c2e761 000000000 000000000 0
000000000 000000000 047e2e7a1 000000000 000000000 0
000000000 000000000 027000cab 000000000 045856003 0
000000000 00004a0bb 027c00d6b 006462602 000000000 0
000000000 00004b0bf 04d87ad23 000000000 000000000 0
000000000 00004c0db 048c3c861 000000000 000000000 0
000000000 00004d0df 048e3c8a1 000000000 000000000 0
000000000 00004e0fb 04e488e03 000000000 000000000 0
000000000 00004f0ff 04e888e23 000000000 000000000 0
000000000 000000000 04f496f03 000000000 000000000 0
000000000 000000000 04f896f23 000000000 046664003 0
000000000 000000000 0508a5023 000000000 04dad9041 0
000000000 00005011b 0504a5003 000000000 000000000 0
000000000 00005111f 049e4a9a1 000000000 000000000 0
000000000 000000000 049c4a961 0072706e2 000000000 0
000000000 000000000 0514b3103 000000000 04e6e5041 0
000000000 000000000 0518b3123 000000000 000000000 0
000000000 000000000 0524c1203 000000000 000000000 0
000000000 000000000 0528c1223 000000000 000000000 0
000000000 000000000 000000000 000000000 04eae9041 0
000000000 00005313f 000000000 000000000 000000000 0
000000000 00005213b 000000000 000000000 047472003 0
000000000 000000000 000000000 000000000 000000000 0
000000000 000000000 000000000 000000000 04f6f5041 0
000000000 000000000 000000000 000000000 000000000 0
000000000 000000000 000000000 000000000 000000000 0
000000000 000000000 000000000 000000000 000000000 0
000000000 000000000 000000000 000000000 04faf9041 0
000000000 000000000 000000000 000000000 000000000 0
000000000 000000000 000000000 000000000 000000000 0
000000000 000000000 000000000 000000000 000000000 0
000000000 000000000 000000000 000000000 050705041 0
000000000 000000000 000000000 000000000 000000000 0
000000000 000000000 000000000 000000000 000000000 0
000000000 000000000 000000000 000000000 000000000 0
000000000 000000000 000000000 000000000 050b09041 0
000000000 000000000 000000000 000000000 000000000 0
000000000 000000000 000000000 000000000 000000000 0
000000000 000000000 000000000 000000000 000000000 0
000000000 000000000 027e00dab 000000000 051715041 0
000000000 000000000 000000000 000000000 000000000 0
000000000 000000000 000000000 000000000 000000000 0
000000000 000000000 000000000 000000000 000000000 0
000000000 000000000 028a00e6b 000000000 051b19041 0
000000000 000000000 000000000 000000000 000000000 0
000000000 000000000 000000000 000000000 000000000 0
000000000 000000000 000000000 000000000 000000000 0
000000000 000000000 028c00eab 000000000 052725041 0
000000000 000000000 000000000 000000000 000000000 0
000000000 000000000 000000000 000000000 000000000 0
000000000 000000000 000000000 000000000 000000000 0
000000000 000000000 029800f6b 00807e7c2 052b29041 0
000000000 000000000 000000000 000000000 000000000 0
000000000 000000000 000000000 000000000 000000000 0
000000000 000000000 000000000 000000000 000000000 0
000000000 000000000 029a00fab 000000000 000000000 0
000000000 000000000 000000000 000000000 000000000 0
000000000 000000000 000000000 000000000 000000000 0
000000000 000000000 000000000 000000000 048280003 0
000000000 000000000 02a60106b 008e8c8a2 000000000 0
000000000 000000000 000000000 000000000 000000000 0
000000000 000000000 000000000 000000000 000000000 0
000000000 000000000 000000000 000000000 000000000 0
000000000 000000000 02a8010ab 000000000 000000000 0
000000000 000000000 000000000 000000000 000000000 0
000000000 000000000 000000000 000000000 000000000 0
000000000 000000000 000000000 000000000 04908e003 0
000000000 000000000 02b40116b 009c9a982 000000000 0
000000000 000000000 000000000 000000000 000000000 0
000000000 000000000 000000000 000000000 000000000 0
000000000 000000000 000000000 000000000 000000000 0
000000000 000000000 02b6011ab 000000000 000000000 0
000000000 000000000 04ac58a61 000000000 000000000 0
000000000 000000000 04ae58aa1 000000000 000000000 0
000000000 000000000 04bc66b61 000000000 049e9c003 0
000000000 000000000 04be66ba1 000000000 000000000 0
000000000 000000000 04cc74c61 00aaa8a62 000000000 0
000000000 000000000 04ce74ca1 000000000 000000000 0
000000000 000000000 04dc82d61 000000000 000000000 0
000000000 00005415b 04de82da1 000000000 000000000 0
000000000 00005515f 02c4012ab 000000000 000000000 0
000000000 00005617b 02c20126b 000000000 000000000 0
000000000 00005717f 0534cf303 000000000 000000000 0
000000000 00005819b 0564f9603 00b8b6b42 04acaa003 0
000000000 00005919f 0538cf323 000000000 000000000 0
000000000 00005a1bb 04ec90e61 000000000 000000000 0
000000000 00005b1bf 04ee90ea1 000000000 000000000 0
000000000 000000000 0544dd403 000000000 000000000 0
000000000 000000000 0548dd423 000000000 000000000 0
000000000 000000000 0554eb503 000000000 053735041 0
000000000 000000000 0558eb523 000000000 04bab8003 0
000000000 000000000 0568f9623 000000000 000000000 0
000000000 00005c1db 057507703 000000000 000000000 0
000000000 00005d1df 04fe9efa1 00c6c4c22 053b39041 0
000000000 000000000 04fc9ef61 000000000 000000000 0
000000000 000000000 057907723 000000000 000000000 0
000000000 000000000 058515803 000000000 000000000 0
000000000 000000000 000000000 000000000 054745041 0
000000000 000000000 000000000 000000000 000000000 0
000000000 000000000 000000000 000000000 000000000 0
000000000 00005f1ff 000000000 000000000 04c8c6003 0
000000000 00005e1fb 000000000 000000000 054b49041 0
000000000 000000000 000000000 000000000 000000000 0
000000000 000000000 000000000 000000000 000000000 0
000000000 000000000 000000000 000000000 000000000 0
000000000 000000000 000000000 000000000 055755041 0
000000000 000000000 000000000 000000000 000000000 0
000000000 000000000 000000000 000000000 000000000 0
000000000 000000000 000000000 000000000 000000000 0
000000000 000000000 000000000 000000000 055b59041 0
000000000 000000000 000000000 000000000 000000000 0
000000000 000000000 000000000 000000000 000000000 0
000000000 000000000 000000000 000000000 000000000 0
000000000 000000000 000000000 000000000 056765041 0
000000000 000000000 000000000 000000000 000000000 0
000000000 000000000 000000000 000000000 000000000 0
000000000 000000000 000000000 000000000 000000000 0
000000000 000000000 02d00136b 000000000 056b69041 0
000000000 000000000 000000000 000000000 000000000 0
000000000 000000000 000000000 000000000 000000000 0
000000000 000000000 000000000 000000000 000000000 0
000000000 000000000 02d2013ab 000000000 057775041 0
000000000 000000000 000000000 000000000 000000000 0
000000000 000000000 000000000 000000000 000000000 0
000000000 000000000 000000000 000000000 000000000 0
000000000 000000000 02de0146b 000000000 057b79041 0
000000000 000000000 000000000 000000000 000000000 0
000000000 000000000 000000000 000000000 000000000 0
000000000 000000000 000000000 000000000 000000000 0
000000000 000000000 02e0014ab 000000000 058785041 0
000000000 000000000 000000000 000000000 000000000 0
000000000 000000000 000000000 000000000 000000000 0
000000000 000000000 000000000 000000000 000000000 0
000000000 000000000 02ec0156b 00d4d2d02 000000000 0
000000000 000000000 000000000 000000000 000000000 0
000000000 000000000 000000000 000000000 000000000 0
000000000 000000000 000000000 000000000 000000000 0
000000000 000000000 02ee015ab 000000000 000000000 0
000000000 000000000 000000000 000000000 000000000 0
000000000 000000000 000000000 000000000 000000000 0
000000000 000000000 000000000 000000000 04d6d4003 0
000000000 000000000 02fa0166b 00e2e0de2 000000000 0
000000000 000000000 000000000 000000000 000000000 0
000000000 000000000 000000000 000000000 000000000 0
000000000 000000000 000000000 000000000 000000000 0
000000000 000000000 02fc016ab 000000000 000000000 0
000000000 000000000 000000000 000000000 000000000 0
000000000 000000000 000000000 000000000 000000000 0
000000000 000000000 000000000 000000000 04e4e2003 0
000000000 000000000 03080176b 00f0eeec2 000000000 0
000000000 000000000 050cad061 000000000 000000000 0
000000000 000000000 050ead0a1 000000000 000000000 0
000000000 000000000 051cbb161 000000000 000000000 0
000000000 000000000 051ebb1a1 000000000 000000000 0
000000000 000000000 052cc9261 000000000 000000000 0
000000000 000000000 052ec92a1 000000000 000000000 0
000000000 000000000 030a017ab 000000000 04f2f0003 0
000000000 00006021b 03160186b 00fefcfa2 000000000 0
000000000 00006121f 058915823 000000000 000000000 0
000000000 00006223b 053cd7361 000000000 000000000 0
000000000 00006323f 053ed73a1 000000000 000000000 0
000000000 00006425b 059523903 000000000 000000000 0
000000000 00006525f 059923923 000000000 000000000 0
000000000 000000000 05a531a03 000000000 000000000 0
000000000 000000000 05a931a23 000000000 0500fe003 0
000000000 000000000 05b93fb23 000000000 058b89041 0
000000000 00006627b 05b53fb03 000000000 000000000 0
000000000 00006727f 054ee54a1 000000000 000000000 0
000000000 000000000 054ce5461 010d0b082 000000000 0
000000000 000000000 05c54dc03 000000000 059795041 0
000000000 000000000 05c94dc23 000000000 000000000 0
000000000 000000000 05d55bd03 000000000 000000000 0
000000000 000000000 05d95bd23 000000000 000000000 0
000000000 000000000 000000000 000000000 059b99041 0
000000000 00006929f 000000000 000000000 000000000 0
000000000 00006829b 000000000 000000000 050f0c003 0
000000000 000000000 000000000 000000000 000000000 0
000000000 000000000 000000000 000000000 05a7a5041 0
000000000 000000000 000000000 000000000 000000000 0
000000000 000000000 000000000 000000000 000000000 0
000000000 000000000 000000000 000000000 000000000 0
000000000 000000000 000000000 000000000 05aba9041 0
000000000 000000000 000000000 000000000 000000000 0
000000000 000000000 000000000 000000000 000000000 0
000000000 000000000 000000000 000000000 000000000 0
000000000 000000000 000000000 000000000 05b7b5041 0
000000000 000000000 000000000 000000000 000000000 0
000000000 000000000 000000000 000000000 000000000 0
000000000 000000000 000000000 000000000 000000000 0
000000000 000000000 000000000 000000000 05bbb9041 0
000000000 000000000 000000000 000000000 000000000 0
000000000 000000000 000000000 000000000 000000000 0
000000000 000000000 000000000 000000000 000000000 0
000000000 000000000 0318018ab 000000000 05c7c5041 0
000000000 000000000 000000000 000000000 000000000 0
000000000 000000000 000000000 000000000 000000000 0
000000000 000000000 000000000 000000000 000000000 0
000000000 000000000 03240196b 000000000 05cbc9041 0
000000000 000000000 000000000 000000000 000000000 0
000000000 000000000 000000000 000000000 000000000 0
000000000 000000000 000000000 000000000 000000000 0
000000000 000000000 0326019ab 000000000 05d7d5041 0
000000000 000000000 000000000 000000000 000000000 0
000000000 000000000 000000000 000000000 000000000 0
000000000 000000000 000000000 000000000 000000000 0
000000000 000000000 033201a6b 011b19162 05dbd9041 0
000000000 000000000 000000000 000000000 000000000 0
000000000 000000000 000000000 000000000 000000000 0
000000000 000000000 000000000 000000000 000000000 0
000000000 000000000 033401aab 000000000 000000000 0
000000000 000000000 000000000 000000000 000000000 0
000000000 000000000 000000000 000000000 000000000 0
000000000 000000000 000000000 000000000 051d1a003 0
000000000 000000000 034001b6b 012927242 000000000 0
000000000 000000000 000000000 000000000 000000000 0
000000000 000000000 000000000 000000000 000000000 0
000000000 000000000 000000000 000000000 000000000 0
000000000 000000000 034201bab 000000000 000000000 0
000000000 000000000 000000000 000000000 000000000 0
000000000 000000000 000000000 000000000 000000000 0
000000000 000000000 000000000 000000000 052b28003 0
000000000 000000000 034e01c6b 013735322 000000000 0
000000000 000000000 000000000 000000000 000000000 0
000000000 000000000 000000000 000000000 000000000 0
000000000 000000000 000000000 000000000 000000000 0
000000000 000000000 035001cab 000000000 000000000 0
000000000 000000000 055cf3561 000000000 000000000 0
000000000 000000000 055ef35a1 000000000 000000000 0
000000000 000000000 056d01661 000000000 053936003 0
000000000 000000000 056f016a1 000000000 000000000 0
000000000 000000000 057d0f761 014543402 000000000 0
000000000 000000000 057f0f7a1 000000000 000000000 0
000000000 000000000 058d1d861 000000000 000000000 0
000000000 00006a2bb 058f1d8a1 000000000 000000000 0
000000000 00006b2bf 035e01dab 000000000 000000000 0
000000000 00006c2db 035c01d6b 000000000 000000000 0
000000000 00006d2df 05e569e03 000000000 000000000 0
000000000 00006e2fb 000000000 0153514e2 054744003 0
000000000 00006f2ff 05e969e23 000000000 000000000 0
000000000 00007031b 059d2b961 000000000 000000000 0
000000000 00007131f 059f2b9a1 000000000 000000000 0
000000000 000000000 05f577f03 000000000 000000000 0
000000000 000000000 05f977f23 000000000 000000000 0
000000000 000000000 000000000 000000000 05e7e5041 0
000000000 000000000 000000000 000000000 055552003 0
000000000 000000000 000000000 000000000 000000000 0
000000000 00007233b 000000000 000000000 000000000 0
000000000 00007333f 05af39aa1 01615f5c2 05ebe9041 0
000000000 000000000 05ad39a61 000000000 000000000 0
000000000 000000000 000000000 000000000 000000000 0
000000000 000000000 000000000 000000000 000000000 0
000000000 000000000 000000000 000000000 05f7f5041 0
000000000 000000000 000000000 000000000 000000000 0
000000000 000000000 000000000 000000000 000000000 0
000000000 00007535f 000000000 000000000 056360003 0
000000000 00007435b 000000000 000000000 05fbf9041 0
000000000 000000000 000000000 000000000 000000000 0
000000000 000000000 000000000 000000000 000000000 0
000000000 000000000 000000000 000000000 000000000 0
000000000 000000000 000000000 000000000 000000000 0
000000000 000000000 000000000 000000000 000000000 0
000000000 000000000 000000000 000000000 000000000 0
000000000 000000000 000000000 000000000 000000000 0
000000000 000000000 000000000 000000000 000000000 0
000000000 000000000 000000000 000000000 000000000 0
000000000 000000000 000000000 000000000 000000000 0
000000000 000000000 000000000 000000000 000000000 0
000000000 000000000 000000000 000000000 000000000 0
000000000 000000000 000000000 000000000 000000000 0
000000000 000000000 000000000 000000000 000000000 0
000000000 000000000 000000000 000000000 000000000 0
000000000 000000000 036a01e6b 000000000 000000000 0
000000000 000000000 000000000 000000000 000000000 0
000000000 000000000 000000000 000000000 000000000 0
000000000 000000000 000000000 000000000 000000000 0
000000000 000000000 036c01eab 000000000 000000000 0
000000000 000000000 05bd47b61 000000000 000000000 0
000000000 000000000 05bf47ba1 000000000 000000000 0
000000000 000000000 05cd55c61 000000000 000000000 0
000000000 000000000 05cf55ca1 000000000 000000000 0
000000000 000000000 05dd63d61 000000000 000000000 0
000000000 000000000 05df63da1 000000000 000000000 0
000000000 000000000 037801f6b 000000000 000000000 0
000000000 00007637b 037a01fab 000000000 000000000 0
000000000 00007737f 000000000 000000000 000000000 0
000000000 00007839b 000000000 000000000 000000000 0
000000000 00007939f 000000000 000000000 000000000 0
000000000 00007a3bb 000000000 016f6d6a2 000000000 0
000000000 00007b3bf 000000000 000000000 000000000 0
000000000 000000000 000000000 000000000 000000000 0
000000000 000000000 000000000 000000000 000000000 0
000000000 000000000 000000000 000000000 000000000 0
000000000 000000000 000000000 000000000 000000000 0
000000000 000000000 000000000 000000000 000000000 0
000000000 000000000 000000000 000000000 05716e003 0
000000000 000000000 000000000 017d7b782 000000000 0
000000000 000000000 000000000 000000000 000000000 0
000000000 000000000 000000000 000000000 000000000 0
000000000 000000000 000000000 000000000 000000000 0
000000000 000000000 000000000 000000000 000000000 0
000000000 000000000 000000000 000000000 000000000 0
000000000 000000000 000000000 000000000 000000000 0
000000000 000000000 000000000 000000000 057f7c003 0
000000000 000000000 000000000 000000000 000000000 0
000000000 000000000 000000000 000000000 000000000 0
000000000 000000000 000000000 000000000 000000000 0
000000000 000000000 000000000 000000000 000000000 0
000000000 000000000 000000000 000000000 000000000 0
000000000 000000000 000000000 000000000 000000000 0
000000000 000000000 000000000 000000000 000000000 0
000000000 000000000 000000000 000000000 000000000 0
000000000 000000000 000000000 000000000 000000000 0
000000000 000000000 000000000 000000000 000000000 0
000000000 000000000 05ed71e61 000000000 000000000 0
000000000 000000000 05ef71ea1 000000000 000000000 0
000000000 000000000 000000000 000000000 000000000 0
000000000 000000000 000000000 000000000 000000000 0
000000000 000000000 000000000 000000000 000000000 0
000000000 000000000 000000000 000000000 000000000 0
000000000 000000000 000000000 000000000 000000000 0
000000000 00007c3db 000000000 000000000 000000000 0
000000000 00007d3df 05ff7ffa1 000000000 000000000 0
000000000 000000000 05fd7ff61 000000000 000000000 0
000000000 000000000 000000000 000000000 000000000 0
000000000 000000000 000000000 000000000 000000000 0
000000000 000000000 000000000 000000000 000000000 0
000000000 000000000 000000000 000000000 000000000 0
000000000 000000000 000000000 000000000 000000000 0
000000000 00007f3ff 000000000 000000000 000000000 0
000000000 00007e3fb 000000000 000000000 000000000 0
000000000 000000000 000000000 000000000 000000000 1
