01
01
01
05
05
05
05
05
05
05
05
0d
05
0d
05
0d
05
0d
05
0d
05
0d
05
0d
05
0d
05
0d
05
0d
05
0d
05
0d
05
0d
05
0d
05
0d
05
0d
05
0d
05
0d
05
0d
05
0d
05
0d
05
0d
05
0d
05
0d
05
0d
05
0d
05
0d
04
0c
04
0c
04
0c
04
0c
04
0c
14
04
04
04
04
04
14
04
04
00
00
00
14
00
00
00
04
00
10
00
04
00
00
00
14
00
00
00
04
00
14
00
04
00
00
00
14
04
00
00
04
00
14
00
04
00
00
00
14
0c
00
00
04
00
14
00
04
10
00
00
14
0c
00
00
04
00
14
00
14
00
00
00
14
0c
00
00
04
00
14
00
14
00
00
00
14
0c
00
00
04
00
14
00
14
00
00
00
14
0c
00
00
04
00
14
00
14
00
00
00
14
0c
00
00
04
00
14
00
14
00
00
00
14
0c
00
00
04
00
14
00
14
00
00
00
14
0c
00
00
04
00
14
00
04
10
00
00
14
0c
00
00
04
00
14
00
04
10
00
00
14
0c
00
00
04
00
14
00
14
00
00
00
14
0c
00
00
04
00
14
00
14
00
00
00
14
0c
00
00
04
00
14
00
14
00
00
00
14
0c
00
00
04
00
14
00
14
00
00
00
14
0c
00
00
00
04
14
00
10
04
00
02
1c
04
00
02
00
04
14
12
01
04
01
06
1d
05
04
06
04
00
14
16
09
00
01
0c
1c
06
00
04
04
02
15
15
08
06
04
04
14
00
00
04
08
08
14
04
00
00
00
04
1c
10
00
04
00
00
14
04
10
00
00
04
1c
00
00
04
00
00
14
14
00
02
01
05
1c
06
04
04
00
02
15
15
00
0e
04
04
1c
02
01
05
00
0a
14
14
04
04
02
01
15
0e
04
0c
04
00
14
00
14
00
08
00
14
0c
00
00
04
00
14
00
14
00
00
00
14
0c
00
00
04
00
14
00
14
00
00
00
14
04
02
01
01
04
14
0e
04
04
00
02
1c
04
08
12
01
05
14
16
05
04
01
06
1c
04
04
02
09
01
14
14
0c
04
00
00
1c
04
00
08
00
04
14
12
00
04
00
00
14
04
00
00
00
04
1c
00
00
04
00
00
1c
14
00
00
00
04
14
10
00
04
00
02
1d
05
00
06
04
04
14
12
01
04
01
06
1c
0c
04
02
01
01
14
06
1c
04
00
00
1e
05
01
08
04
04
14
14
00
04
00
00
1c
0c
00
00
00
04
14
10
00
04
00
00
1c
04
00
00
00
04
14
10
00
04
00
00
1c
04
00
02
00
04
14
12
01
04
01
06
1c
04
04
02
01
01
14
16
0c
04
00
00
1e
05
01
08
04
04
14
16
00
00
04
02
1d
09
04
04
04
00
14
04
10
00
04
08
1c
00
04
00
00
00
14
14
00
00
04
00
1c
00
04
00
00
00
14
14
00
00
00
04
14
02
00
04
00
02
1d
05
00
06
04
04
1c
12
01
04
01
06
1c
14
04
02
01
01
14
06
0c
04
00
00
1e
04
00
08
00
04
1c
10
00
04
00
00
14
04
10
00
00
04
1c
00
00
04
00
00
14
14
00
00
00
04
1c
02
01
05
00
06
15
15
04
06
04
00
1c
0e
01
01
00
0c
14
16
04
04
00
02
1d
05
08
06
04
04
14
10
00
04
00
00
1c
04
08
00
00
04
14
00
00
14
00
00
1c
04
00
00
00
04
14
10
00
04
00
00
14
04
00
02
01
05
1c
06
04
04
00
02
1d
15
00
0e
04
04
14
12
01
04
01
0e
1c
04
04
02
01
01
14
16
0c
04
04
00
1c
00
04
08
00
00
04
14
10
00
04
00
0c
10
00
04
00
00
04
14
10
00
00
04
0c
10
00
04
00
00
04
14
10
02
01
05
08
14
06
04
04
02
00
14
14
0a
00
00
04
06
00
00
0c
00
02
04
04
00
02
10
00
0c
10
00
00
00
04
04
14
14
04
00
00
0e
04
02
02
00
04
00
12
00
00
00
02
08
00
00
02
00
00
04
14
04
04
04
04
04
06
04
06
06
06
06
06
04
06
04
06
06
0e
06
06
06
06
06
06
16
06
06
06
06
06
06
06
06
06
06
06
06
06
06
06
06
06
06
06
06
06
06
06
06
06
06
06
02
02
02
02
02
02
02
02
1f
