000000003
00000100b
000002013
00000301b
000004023
00000502b
000006033
00000703b
000008043
00000904b
00000a053
00000b05b
00000c063
00000d06b
00000e073
00000f07b
000010083
00001108b
000012093
00001309b
0000140a3
0000150ab
0000160b3
0000170bb
0000180c3
0000190cb
00001a0d3
00001b0db
00001c0e3
00001d0eb
00001e0f3
00001f0fb
000020103
00002110b
000022113
00002311b
000024123
00002512b
000026133
00002713b
000028143
00002914b
00002a153
00002b15b
00002c163
00002d16b
00002e173
00002f17b
000030183
00003118b
000032193
00003319b
0000341a3
0000351ab
0000361b3
0000371bb
0000381c3
0000391cb
00003a1d3
00003b1db
00003c1e3
00003d1eb
00003e1f3
00003f1fb
000040203
00004120b
000042213
00004321b
000044223
00004522b
000046233
00004723b
000048243
00004924b
00004a253
00004b25b
00004c263
00004d26b
00004e273
00004f27b
000050283
00005128b
000052293
00005329b
0000542a3
0000552ab
0000562b3
0000572bb
0000582c3
0000592cb
00005a2d3
00005b2db
00005c2e3
00005d2eb
00005e2f3
00005f2fb
000060303
00006130b
000062313
00006331b
000064323
00006532b
000066333
00006733b
000068343
00006934b
00006a353
00006b35b
00006c363
00006d36b
00006e373
00006f37b
000070383
00007138b
000072393
00007339b
0000743a3
0000753ab
0000763b3
0000773bb
0000783c3
0000793cb
00007a3d3
00007b3db
00007c3e3
00007d3eb
00007e3f3
00007f3fb
000080003
00008100b
000082013
00008301b
000084023
00008502b
000086033
00008703b
000088043
00008904b
00008a053
00008b05b
00008c063
00008d06b
00008e073
00008f07b
000000000
000000000
000000000
000000000
000000000
000000000
000000000
000000000
000000000
000000000
000000000
000000000
000000000
000000000
000000000
000000000
000000000
000000000
000000000
000000000
000000000
000000000
000090083
00009108b
000092093
00009309b
0000940a3
0000950ab
0000960b3
0000970bb
0000980c3
0000990cb
00009a0d3
00009b0db
000000000
000000000
000000000
000000000
000000000
000000000
000000000
000000000
000000000
000000000
000000000
000000000
000000000
000000000
000000000
000000000
000000000
000000000
000000000
000000000
000000000
000000000
000000000
000000000
000000000
000000000
000000000
000000000
000000000
000000000
000000000
000000000
000000000
000000000
000000000
000000000
00009c0e3
00009d0eb
00009e0f3
00009f0fb
0000a0103
0000a110b
0000a2113
0000a311b
0000a4123
0000a512b
0000a6133
0000a713b
000000000
000000000
000000000
000000000
000000000
000000000
000000000
000000000
000000000
000000000
000000000
000000000
000000000
000000000
000000000
000000000
000000000
000000000
000000000
000000000
000000000
000000000
000000000
000000000
000000000
000000000
000000000
000000000
000000000
000000000
000000000
000000000
000000000
000000000
000000000
000000000
0000a8143
0000a914b
0000aa153
0000ab15b
0000ac163
0000ad16b
0000ae173
0000af17b
0000b0183
0000b118b
0000b2193
0000b319b
000000000
000000000
000000000
000000000
000000000
000000000
000000000
000000000
000000000
000000000
000000000
000000000
000000000
000000000
000000000
000000000
000000000
000000000
000000000
000000000
000000000
000000000
000000000
000000000
000000000
000000000
000000000
000000000
000000000
000000000
000000000
000000000
000000000
000000000
000000000
000000000
0000b41a3
0000b51ab
0000b61b3
0000b71bb
0000b81c3
0000b91cb
0000ba1d3
0000bb1db
0000bc1e3
0000bd1eb
0000be1f3
0000bf1fb
000000000
000000000
000000000
000000000
000000000
000000000
000000000
000000000
000000000
000000000
000000000
000000000
000000000
000000000
000000000
000000000
000000000
000000000
000000000
000000000
000000000
000000000
000000000
000000000
000000000
000000000
000000000
000000000
000000000
000000000
000000000
000000000
000000000
000000000
000000000
000000000
0000c0203
0000c120b
0000c2213
0000c321b
0000c4223
0000c522b
0000c6233
0000c723b
0000c8243
0000c924b
0000ca253
0000cb25b
000000000
000000000
000000000
000000000
000000000
000000000
000000000
000000000
000000000
000000000
000000000
000000000
000000000
000000000
000000000
000000000
000000000
000000000
000000000
000000000
000000000
000000000
000000000
000000000
000000000
000000000
000000000
000000000
000000000
000000000
000000000
000000000
000000000
000000000
000000000
000000000
0000cc263
0000cd26b
0000ce273
0000cf27b
0000d0283
0000d128b
0000d2293
0000d329b
0000d42a3
0000d52ab
0000d62b3
0000d72bb
000000000
000000000
000000000
000000000
000000000
000000000
000000000
000000000
000000000
000000000
000000000
000000000
000000000
000000000
000000000
000000000
000000000
000000000
000000000
000000000
000000000
000000000
000000000
000000000
000000000
000000000
000000000
000000000
000000000
000000000
000000000
000000000
000000000
000000000
000000000
000000000
0000d82c3
0000d92cb
0000da2d3
0000db2db
0000dc2e3
0000dd2eb
0000de2f3
0000df2fb
0000e0303
0000e130b
0000e2313
0000e331b
000000000
000000000
000000000
000000000
000000000
000000000
000000000
000000000
000000000
000000000
000000000
000000000
000000000
000000000
000000000
000000000
000000000
000000000
000000000
000000000
000000000
000000000
000000000
000000000
000000000
000000000
000000000
000000000
000000000
000000000
000000000
000000000
000000000
000000000
000000000
000000000
0000e4323
0000e532b
0000e6333
0000e733b
0000e8343
0000e934b
0000ea353
0000eb35b
0000ec363
0000ed36b
0000ee373
0000ef37b
000000000
000000000
000000000
000000000
000000000
000000000
000000000
000000000
000000000
000000000
000000000
000000000
000000000
000000000
000000000
000000000
000000000
000000000
000000000
000000000
000000000
000000000
000000000
000000000
000000000
000000000
000000000
000000000
000000000
000000000
000000000
000000000
000000000
000000000
000000000
000000000
0000f0383
0000f138b
0000f2393
0000f339b
0000f43a3
0000f53ab
0000f63b3
0000f73bb
0000f83c3
0000f93cb
0000fa3d3
0000fb3db
000000000
000000000
000000000
000000000
000000000
000000000
000000000
000000000
000000000
000000000
000000000
000000000
000000000
000000000
000000000
000000000
000000000
000000000
000000000
000000000
000000000
000000000
000000000
000000000
000000000
000000000
000000000
000000000
000000000
000000000
000000000
000000000
000000000
000000000
000000000
000000000
0000fc3e3
0000fd3eb
0000fe3f3
0000ff3fb
000100003
00010100b
000102013
00010301b
000104023
00010502b
000106033
00010703b
000000000
000000000
000000000
000000000
000000000
000000000
000000000
000000000
000000000
000000000
000000000
000000000
000000000
000000000
000000000
000000000
000000000
000000000
000000000
000000000
000000000
000000000
000000000
000000000
000000000
000000000
000000000
000000000
000000000
000000000
000000000
000000000
000000000
000000000
000000000
000000000
000108043
00010904b
00010a053
00010b05b
00010c063
00010d06b
00010e073
00010f07b
000110083
00011108b
000112093
00011309b
000000000
000000000
000000000
000000000
000000000
000000000
000000000
000000000
000000000
000000000
000000000
000000000
000000000
000000000
000000000
000000000
000000000
000000000
000000000
000000000
000000000
000000000
000000000
000000000
000000000
000000000
000000000
000000000
000000000
000000000
000000000
000000000
000000000
000000000
000000000
000000000
0001140a3
0001150ab
0001160b3
0001170bb
0001180c3
0001190cb
00011a0d3
00011b0db
00011c0e3
00011d0eb
00011e0f3
00011f0fb
000000000
000000000
000000000
000000000
000000000
000000000
000000000
000000000
000000000
000000000
000000000
000000000
000000000
000000000
000000000
000000000
000000000
000000000
000000000
000000000
000000000
000000000
000000000
000000000
000000000
000000000
000000000
000000000
000000000
000000000
000000000
000000000
000000000
000000000
000000000
000000000
000120103
00012110b
000122113
00012311b
000124123
00012512b
000126133
00012713b
000128143
00012914b
00012a153
00012b15b
000000000
000000000
000000000
000000000
000000000
000000000
000000000
000000000
000000000
000000000
000000000
000000000
000000000
000000000
000000000
000000000
000000000
000000000
000000000
000000000
000000000
000000000
000000000
000000000
000000000
000000000
000000000
000000000
000000000
000000000
000000000
000000000
000000000
000000000
000000000
000000000
00012c163
00012d16b
00012e173
00012f17b
000130183
00013118b
000132193
00013319b
0001341a3
0001351ab
0001361b3
0001371bb
000000000
000000000
000000000
000000000
000000000
000000000
000000000
000000000
000000000
000000000
000000000
000000000
000000000
000000000
000000000
000000000
000000000
000000000
000000000
000000000
000000000
000000000
000000000
000000000
000000000
000000000
000000000
000000000
000000000
000000000
000000000
000000000
000000000
000000000
000000000
000000000
0001381c3
0001391cb
00013a1d3
00013b1db
00013c1e3
00013d1eb
00013e1f3
00013f1fb
000140203
00014120b
000142213
00014321b
000000000
000000000
000000000
000000000
000000000
000000000
000000000
000000000
000000000
000000000
000000000
000000000
000000000
000000000
000000000
000000000
000000000
000000000
000000000
000000000
000000000
000000000
000000000
000000000
000000000
000000000
000000000
000000000
000000000
000000000
000000000
000000000
000000000
000000000
000000000
000000000
000144223
00014522b
000146233
00014723b
000148243
00014924b
00014a253
00014b25b
00014c263
00014d26b
00014e273
00014f27b
000000000
000000000
000000000
000000000
000000000
000000000
000000000
000000000
000000000
000000000
000000000
000000000
000000000
000000000
000000000
000000000
000000000
000000000
000000000
000000000
000000000
000000000
000000000
000000000
000000000
000000000
000000000
000000000
000000000
000000000
000000000
000000000
000000000
000000000
000000000
000000000
000150283
00015128b
000152293
00015329b
0001542a3
0001552ab
0001562b3
0001572bb
0001582c3
0001592cb
00015a2d3
00015b2db
000000000
000000000
000000000
000000000
000000000
000000000
000000000
000000000
000000000
000000000
000000000
000000000
000000000
000000000
000000000
000000000
000000000
000000000
000000000
000000000
000000000
000000000
000000000
000000000
000000000
000000000
000000000
000000000
000000000
000000000
000000000
000000000
000000000
000000000
000000000
000000000
00015c2e3
00015d2eb
00015e2f3
00015f2fb
000160303
00016130b
000162313
00016331b
000164323
00016532b
000166333
00016733b
000000000
000000000
000000000
000000000
000000000
000000000
000000000
000000000
000000000
000000000
000000000
000000000
000000000
000000000
000000000
000000000
000000000
000000000
000000000
000000000
000000000
000000000
000000000
000000000
000000000
000000000
000000000
000000000
000000000
000000000
000000000
000000000
000000000
000000000
000000000
000000000
000168343
00016934b
00016a353
00016b35b
00016c363
00016d36b
00016e373
00016f37b
000170383
00017138b
000172393
00017339b
000000000
000000000
000000000
000000000
000000000
000000000
000000000
000000000
000000000
000000000
000000000
000000000
000000000
000000000
000000000
000000000
000000000
000000000
000000000
000000000
000000000
000000000
000000000
000000000
000000000
000000000
000000000
000000000
000000000
000000000
000000000
000000000
000000000
000000000
000000000
000000000
0001743a3
0001753ab
0001763b3
0001773bb
0001783c3
0001793cb
00017a3d3
00017b3db
00017c3e3
00017d3eb
00017e3f3
00017f3fb
000000000
000000000
000000000
000000000
000000000
000000000
000000000
000000000
000000000
000000000
000000000
000000000
000000000
000000000
000000000
000000000
000000000
000000000
000000000
000000000
000000000
000000000
000000000
000000000
000000000
000000000
000000000
000000000
000000000
000000000
000000000
000000000
000000000
000000000
000000000
000000000
000180003
00018100b
000182013
00018301b
000184023
00018502b
000186033
00018703b
000188043
00018904b
00018a053
00018b05b
000000000
000000000
000000000
000000000
000000000
000000000
000000000
000000000
000000000
000000000
000000000
000000000
000000000
000000000
000000000
000000000
000000000
000000000
000000000
000000000
000000000
000000000
000000000
000000000
000000000
000000000
000000000
000000000
000000000
000000000
000000000
000000000
000000000
000000000
000000000
000000000
00018c063
00018d06b
00018e073
00018f07b
000190083
00019108b
000192093
00019309b
0001940a3
0001950ab
0001960b3
0001970bb
000000000
000000000
000000000
000000000
000000000
000000000
000000000
000000000
000000000
000000000
000000000
000000000
000000000
000000000
000000000
000000000
000000000
000000000
000000000
000000000
000000000
000000000
000000000
000000000
000000000
000000000
000000000
000000000
000000000
000000000
000000000
000000000
000000000
000000000
000000000
000000000
0001980c3
0001990cb
00019a0d3
00019b0db
00019c0e3
00019d0eb
00019e0f3
00019f0fb
0001a0103
0001a110b
0001a2113
0001a311b
000000000
000000000
000000000
000000000
000000000
000000000
000000000
000000000
000000000
000000000
000000000
000000000
000000000
000000000
000000000
000000000
000000000
000000000
000000000
000000000
000000000
000000000
000000000
000000000
000000000
000000000
000000000
000000000
000000000
000000000
000000000
000000000
000000000
000000000
000000000
000000000
0001a4123
0001a512b
0001a6133
0001a713b
0001a8143
0001a914b
0001aa153
0001ab15b
0001ac163
0001ad16b
0001ae173
0001af17b
000000000
000000000
000000000
000000000
000000000
000000000
000000000
000000000
000000000
000000000
000000000
000000000
000000000
000000000
000000000
000000000
000000000
000000000
000000000
000000000
000000000
000000000
000000000
000000000
000000000
000000000
000000000
000000000
000000000
000000000
000000000
000000000
000000000
000000000
000000000
000000000
0001b0183
0001b118b
0001b2193
0001b319b
0001b41a3
0001b51ab
0001b61b3
0001b71bb
0001b81c3
0001b91cb
0001ba1d3
0001bb1db
000000000
000000000
000000000
000000000
000000000
000000000
000000000
000000000
000000000
000000000
000000000
000000000
000000000
000000000
000000000
000000000
000000000
000000000
000000000
000000000
000000000
000000000
000000000
000000000
000000000
000000000
000000000
000000000
000000000
000000000
000000000
000000000
000000000
000000000
000000000
000000000
0001bc1e3
0001bd1eb
0001be1f3
0001bf1fb
0001c0203
0001c120b
0001c2213
0001c321b
0001c4223
0001c522b
0001c6233
0001c723b
000000000
000000000
000000000
000000000
000000000
000000000
000000000
000000000
000000000
000000000
000000000
000000000
000000000
000000000
000000000
000000000
000000000
000000000
000000000
000000000
000000000
000000000
000000000
000000000
000000000
000000000
000000000
000000000
000000000
000000000
000000000
000000000
000000000
000000000
000000000
000000000
0001c8243
0001c924b
0001ca253
0001cb25b
0001cc263
0001cd26b
0001ce273
0001cf27b
0001d0283
0001d128b
0001d2293
0001d329b
000000000
000000000
000000000
000000000
000000000
000000000
000000000
000000000
000000000
000000000
000000000
000000000
000000000
000000000
000000000
000000000
000000000
000000000
000000000
000000000
000000000
000000000
000000000
000000000
000000000
000000000
000000000
000000000
000000000
000000000
000000000
000000000
000000000
000000000
000000000
000000000
0001d42a3
0001d52ab
0001d62b3
0001d72bb
0001d82c3
0001d92cb
0001da2d3
0001db2db
0001dc2e3
0001dd2eb
0001de2f3
0001df2fb
000000000
000000000
000000000
000000000
000000000
000000000
000000000
000000000
000000000
000000000
000000000
000000000
000000000
000000000
000000000
000000000
000000000
000000000
000000000
000000000
000000000
000000000
000000000
000000000
000000000
000000000
000000000
000000000
000000000
000000000
000000000
000000000
000000000
000000000
000000000
000000000
0001e0303
0001e130b
0001e2313
0001e331b
0001e4323
0001e532b
0001e6333
0001e733b
0001e8343
0001e934b
0001ea353
0001eb35b
000000000
000000000
000000000
000000000
000000000
000000000
000000000
000000000
000000000
000000000
000000000
000000000
000000000
000000000
000000000
000000000
000000000
000000000
000000000
000000000
000000000
000000000
000000000
000000000
000000000
000000000
000000000
000000000
000000000
000000000
000000000
000000000
000000000
000000000
000000000
000000000
0001ec363
0001ed36b
0001ee373
0001ef37b
0001f0383
0001f138b
0001f2393
0001f339b
0001f43a3
0001f53ab
0001f63b3
0001f73bb
000000000
000000000
000000000
000000000
000000000
000000000
000000000
000000000
000000000
000000000
000000000
000000000
000000000
000000000
000000000
000000000
000000000
000000000
000000000
000000000
000000000
000000000
000000000
000000000
000000000
000000000
000000000
000000000
000000000
000000000
000000000
000000000
000000000
000000000
000000000
000000000
0001f83c3
0001f93cb
0001fa3d3
0001fb3db
0001fc3e3
0001fd3eb
0001fe3f3
0001ff3fb
000200003
00020100b
000202013
00020301b
000000000
000000000
000000000
000000000
000000000
000000000
000000000
000000000
000000000
000000000
000000000
000000000
000000000
000000000
000000000
000000000
000000000
000000000
000000000
000000000
000000000
000000000
000000000
000000000
000000000
000000000
000000000
000000000
000000000
000000000
000000000
000000000
000000000
000000000
000000000
000000000
000204023
00020502b
000206033
00020703b
000208043
00020904b
00020a053
00020b05b
00020c063
00020d06b
00020e073
00020f07b
000000000
000000000
000000000
000000000
000000000
000000000
000000000
000000000
000000000
000000000
000000000
000000000
000000000
000000000
000000000
000000000
000000000
000000000
000000000
000000000
000000000
000000000
000000000
000000000
000000000
000000000
000000000
000000000
000000000
000000000
000000000
000000000
000000000
000000000
000000000
000000000
000210083
00021108b
000212093
00021309b
0002140a3
0002150ab
0002160b3
0002170bb
0002180c3
0002190cb
00021a0d3
00021b0db
000000000
000000000
000000000
000000000
000000000
000000000
000000000
000000000
000000000
000000000
000000000
000000000
000000000
000000000
000000000
000000000
000000000
000000000
000000000
000000000
000000000
000000000
000000000
000000000
000000000
000000000
000000000
000000000
000000000
000000000
000000000
000000000
000000000
000000000
000000000
000000000
00021c0e3
00021d0eb
00021e0f3
00021f0fb
000220103
00022110b
000222113
00022311b
000224123
00022512b
000226133
00022713b
000000000
000000000
000000000
000000000
000000000
000000000
000000000
000000000
000000000
000000000
000000000
000000000
000000000
000000000
000000000
000000000
000000000
000000000
000000000
000000000
000000000
000000000
000000000
000000000
000000000
000000000
000000000
000000000
000000000
000000000
000000000
000000000
000000000
000000000
000000000
000000000
000228143
00022914b
00022a153
00022b15b
00022c163
00022d16b
00022e173
00022f17b
000230183
00023118b
000232193
00023319b
000000000
000000000
000000000
000000000
000000000
000000000
000000000
000000000
000000000
000000000
000000000
000000000
000000000
000000000
000000000
000000000
000000000
000000000
000000000
000000000
000000000
000000000
000000000
000000000
000000000
000000000
000000000
000000000
000000000
000000000
000000000
000000000
000000000
000000000
000000000
000000000
0002341a3
0002351ab
0002361b3
0002371bb
0002381c3
0002391cb
00023a1d3
00023b1db
00023c1e3
00023d1eb
00023e1f3
00023f1fb
000000000
000000000
000000000
000000000
000000000
000000000
000000000
000000000
000000000
000000000
000000000
000000000
000000000
000000000
000000000
000000000
000000000
000000000
000000000
000000000
000000000
000000000
000000000
000000000
000000000
000000000
000000000
000000000
000000000
000000000
000000000
000000000
000000000
000000000
000000000
000000000
000240203
00024120b
000242213
00024321b
000244223
00024522b
000246233
00024723b
000248243
00024924b
00024a253
00024b25b
000000000
000000000
000000000
000000000
000000000
000000000
000000000
000000000
000000000
000000000
000000000
000000000
000000000
000000000
000000000
000000000
000000000
000000000
000000000
000000000
000000000
000000000
000000000
000000000
000000000
000000000
000000000
000000000
000000000
000000000
000000000
000000000
000000000
000000000
000000000
000000000
00024c263
00024d26b
00024e273
00024f27b
000250283
00025128b
000252293
00025329b
0002542a3
0002552ab
0002562b3
0002572bb
000000000
000000000
000000000
000000000
000000000
000000000
000000000
000000000
000000000
000000000
000000000
000000000
000000000
000000000
000000000
000000000
000000000
000000000
000000000
000000000
000000000
000000000
000000000
000000000
000000000
000000000
000000000
000000000
000000000
000000000
000000000
000000000
000000000
000000000
000000000
000000000
0002582c3
0002592cb
00025a2d3
00025b2db
00025c2e3
00025d2eb
00025e2f3
00025f2fb
000260303
00026130b
000262313
00026331b
000000000
000000000
000000000
000000000
000000000
000000000
000000000
000000000
000000000
000000000
000000000
000000000
000000000
000000000
000000000
000000000
000000000
000000000
000000000
000000000
000000000
000000000
000000000
000000000
000000000
000000000
000000000
000000000
000000000
000000000
000000000
000000000
000000000
000000000
000000000
000000000
000264323
00026532b
000266333
00026733b
000268343
00026934b
00026a353
00026b35b
00026c363
00026d36b
00026e373
00026f37b
000000000
000000000
000000000
000000000
000000000
000000000
000000000
000000000
000000000
000000000
000000000
000000000
000000000
000000000
000000000
000000000
000000000
000000000
000000000
000000000
000000000
000000000
000000000
000000000
000000000
000000000
000000000
000000000
000000000
000000000
000000000
000000000
000000000
000000000
000000000
000000000
000270383
00027138b
000272393
00027339b
0002743a3
0002753ab
0002763b3
0002773bb
0002783c3
0002793cb
00027a3d3
00027b3db
000000000
000000000
000000000
000000000
000000000
000000000
000000000
000000000
000000000
000000000
000000000
000000000
000000000
000000000
000000000
000000000
000000000
000000000
000000000
000000000
000000000
000000000
000000000
000000000
000000000
000000000
000000000
000000000
000000000
000000000
000000000
000000000
000000000
000000000
000000000
000000000
00027c3e3
00027d3eb
00027e3f3
00027f3fb
000280003
00028100b
000282013
00028301b
000284023
00028502b
000286033
00028703b
000000000
000000000
000000000
000000000
000000000
000000000
000000000
000000000
000000000
000000000
000000000
000000000
000000000
000000000
000000000
000000000
000000000
000000000
000000000
000000000
000000000
000000000
000000000
000000000
000000000
000000000
000000000
000000000
000000000
000000000
000000000
000000000
000000000
000000000
000000000
000000000
000288043
00028904b
00028a053
00028b05b
00028c063
00028d06b
00028e073
00028f07b
000290083
00029108b
000292093
00029309b
000000000
000000000
000000000
000000000
000000000
000000000
000000000
000000000
000000000
000000000
000000000
000000000
000000000
000000000
000000000
000000000
000000000
000000000
000000000
000000000
000000000
000000000
000000000
000000000
000000000
000000000
000000000
000000000
000000000
000000000
000000000
000000000
000000000
000000000
000000000
000000000
0002940a3
0002950ab
0002960b3
0002970bb
0002980c3
0002990cb
00029a0d3
00029b0db
00029c0e3
00029d0eb
00029e0f3
00029f0fb
000000000
000000000
000000000
000000000
000000000
000000000
000000000
000000000
000000000
000000000
000000000
000000000
000000000
000000000
000000000
000000000
000000000
000000000
000000000
000000000
000000000
000000000
000000000
000000000
000000000
000000000
000000000
000000000
000000000
000000000
000000000
000000000
000000000
000000000
000000000
000000000
0002a0103
0002a110b
0002a2113
0002a311b
0002a4123
0002a512b
0002a6133
0002a713b
0002a8143
0002a914b
0002aa153
0002ab15b
000000000
000000000
000000000
000000000
000000000
000000000
000000000
000000000
000000000
000000000
000000000
000000000
000000000
000000000
000000000
000000000
000000000
000000000
000000000
000000000
000000000
000000000
000000000
000000000
000000000
000000000
000000000
000000000
000000000
000000000
000000000
000000000
000000000
000000000
000000000
000000000
0002ac163
0002ad16b
0002ae173
0002af17b
0002b0183
0002b118b
0002b2193
0002b319b
0002b41a3
0002b51ab
0002b61b3
0002b71bb
000000000
000000000
000000000
000000000
000000000
000000000
000000000
000000000
000000000
000000000
000000000
000000000
000000000
000000000
000000000
000000000
000000000
000000000
000000000
000000000
000000000
000000000
000000000
000000000
000000000
000000000
000000000
000000000
000000000
000000000
000000000
000000000
000000000
000000000
000000000
000000000
0002b81c3
0002b91cb
0002ba1d3
0002bb1db
0002bc1e3
0002bd1eb
0002be1f3
0002bf1fb
0002c0203
0002c120b
0002c2213
0002c321b
000000000
000000000
000000000
000000000
000000000
000000000
000000000
000000000
000000000
000000000
000000000
000000000
000000000
000000000
000000000
000000000
000000000
000000000
000000000
000000000
000000000
000000000
000000000
000000000
000000000
000000000
000000000
000000000
000000000
000000000
000000000
000000000
000000000
000000000
000000000
000000000
0002c4223
0002c522b
0002c6233
0002c723b
0002c8243
0002c924b
0002ca253
0002cb25b
0002cc263
0002cd26b
0002ce273
0002cf27b
000000000
000000000
000000000
000000000
000000000
000000000
000000000
000000000
000000000
000000000
000000000
000000000
000000000
000000000
000000000
000000000
000000000
000000000
000000000
000000000
000000000
000000000
000000000
000000000
000000000
000000000
000000000
000000000
000000000
000000000
000000000
000000000
000000000
000000000
000000000
000000000
0002d0283
0002d128b
0002d2293
0002d329b
0002d42a3
0002d52ab
0002d62b3
0002d72bb
0002d82c3
0002d92cb
0002da2d3
0002db2db
000000000
000000000
000000000
000000000
000000000
000000000
000000000
000000000
000000000
000000000
000000000
000000000
000000000
000000000
000000000
000000000
000000000
000000000
000000000
000000000
000000000
000000000
000000000
000000000
000000000
000000000
000000000
000000000
000000000
000000000
000000000
000000000
000000000
000000000
000000000
000000000
0002dc2e3
0002dd2eb
0002de2f3
0002df2fb
0002e0303
0002e130b
0002e2313
0002e331b
0002e4323
0002e532b
0002e6333
0002e733b
000000000
000000000
000000000
000000000
000000000
000000000
000000000
000000000
000000000
000000000
000000000
000000000
000000000
000000000
000000000
000000000
000000000
000000000
000000000
000000000
000000000
000000000
000000000
000000000
000000000
000000000
000000000
000000000
000000000
000000000
000000000
000000000
000000000
000000000
000000000
000000000
0002e8343
0002e934b
0002ea353
0002eb35b
0002ec363
0002ed36b
0002ee373
0002ef37b
0002f0383
0002f138b
0002f2393
0002f339b
000000000
000000000
000000000
000000000
000000000
000000000
000000000
000000000
000000000
000000000
000000000
000000000
000000000
000000000
000000000
000000000
000000000
000000000
000000000
000000000
000000000
000000000
000000000
000000000
000000000
000000000
000000000
000000000
000000000
000000000
000000000
000000000
000000000
000000000
000000000
000000000
0002f43a3
0002f53ab
0002f63b3
0002f73bb
0002f83c3
0002f93cb
0002fa3d3
0002fb3db
0002fc3e3
0002fd3eb
0002fe3f3
0002ff3fb
000000000
000000000
000000000
000000000
000000000
000000000
000000000
000000000
000000000
000000000
000000000
000000000
000000000
000000000
000000000
000000000
000000000
000000000
000000000
000000000
000000000
000000000
000000000
000000000
000000000
000000000
000000000
000000000
000000000
000000000
000000000
000000000
000000000
000000000
000000000
000000000
000000000
000000000
000000000
000000000
000000000
000000000
000000000
000000000
000000000
000000000
000000000
000000000
000000000
000000000
000000000
000000000
000000000
000000000
000000000
000000000
000000000
000000000
000000000
000000000
000000000
000000000
000000000
000000000
000000000
000000000
000000000
000000000
000000000
000000000
000000000
000000000
000000000
000000000
000000000
000000000
000000000
000000000
000000000
000000000
000000000
000000000
000000000
000000000
000000000
000000000
000000000
000000000
000000000
000000000
000000000
000000000
000000000
000000000
000000000
000000000
000000000
000000000
000000000
000000000
000000000
000000000
000000000
000000000
000000000
000000000
000000000
000000000
000000000
000000000
000000000
000000000
000000000
000000000
000000000
000000000
000000000
000000000
000000000
000000000
000000000
000000000
000000000
000000000
000000000
000000000
000000000
000000000
000000000
000000000
000000000
000000000
000000000
000000000
000000000
000000000
000000000
000000000
000000000
000000000
000000000
000000000
000000000
000000000
000000000
000000000
000000000
000000000
000000000
000000000
000000000
000000000
000000000
000000000
000000000
000000000
000000000
000000000
000000000
000000000
000000000
000000000
000000000
000000000
000000000
000000000
000000000
000000000
000000000
000000000
000000000
000000000
000000000
000000000
000000000
000000000
000000000
000000000
000000000
000000000
000000000
000000000
000000000
000000000
000000000
000000000
000000000
000000000
000000000
000000000
000000000
000000000
000000000
000000000
000000000
000000000
000000000
000000000
000000000
000000000
000000000
000000000
000000000
000000000
000000000
000000000
000000000
000000000
000000000
000000000
000000000
000000000
000000000
000000000
000000000
000000000
000000000
000000000
000000000
000000000
000000000
000000000
000000000
000000000
000000000
000000000
000000000
000000000
000000000
000000000
000000000
000000000
000000000
000000000
000000000
000000000
000000000
000000000
000000000
000000000
000000000
000000000
000000000
000000000
000000000
000000000
000000000
000000000
000000000
000000000
000000000
000000000
000000000
000000000
000000000
000000000
000000000
000000000
000000000
000000000
000000000
000000000
000000000
000000000
000000000
000000000
000000000
000000000
000000000
000000000
000000000
000000000
000000000
000000000
000000000
000000000
000000000
000000000
000000000
000000000
000000000
000000000
000000000
000000000
000000000
000000000
000000000
000000000
000000000
000000000
000000000
000000000
000000000
000000000
000000000
000000000
000000000
000000000
000000000
000000000
000000000
000000000
000000000
000000000
000000000
000000000
000000000
000000000
000000000
000000000
000000000
000000000
000000000
000000000
000000000
000000000
000000000
000000000
000000000
000000000
000000000
000000000
000000000
000000000
000000000
000000000
000000000
000000000
000000000
000000000
000000000
000000000
000000000
000000000
000000000
000000000
000000000
000000000
000000000
000000000
000000000
000000000
000000000
000000000
000000000
000000000
000000000
000000000
000000000
000000000
000000000
000000000
000000000
000000000
000000000
000000000
000000000
000000000
000000000
000000000
000000000
000000000
000000000
000000000
000000000
000000000
000000000
000000000
000000000
000000000
000000000
000000000
000000000
000000000
000000000
000000000
000000000
000000000
000000000
000000000
000000000
000000000
000000000
000000000
000000000
000000000
000000000
000000000
000000000
000000000
000000000
000000000
000000000
000000000
000000000
000000000
000000000
000000000
000000000
000000000
000000000
000000000
000000000
000000000
000000000
000000000
000000000
000000000
000000000
000000000
000000000
000000000
000000000
000000000
000000000
000000000
000000000
000000000
000000000
000000000
000000000
000000000
000000000
000000000
000000000
000000000
000000000
000000000
000000000
000000000
000000000
000000000
000000000
000000000
000000000
000000000
000000000
000000000
000000000
000000000
000000000
000000000
000000000
000000000
000000000
000000000
000000000
000000000
000000000
000000000
000000000
000000000
000000000
000000000
000000000
000000000
000000000
000000000
000000000
000000000
000000000
000000000
000000000
000000000
000000000
000000000
000000000
000000000
000000000
000000000
