00000000
00000000
00000000
00000000
00000000
00000000
00000000
00000000
00000000
00000000
00000000
01002004
00000000
01206044
00000000
0140a084
00000000
0160e0c4
00000000
00000000
01812104
00000000
00000000
00000000
01a16144
04e403e4
05044424
00000000
05248464
00000000
0544c4a4
01c1a184
00000000
056504e4
00000000
00000000
00000000
05854524
00000000
00000000
00000000
08e82804
00000000
00000000
05a58564
00000000
08c7e7c4
09086844
00000000
00000000
00000000
00000000
00000000
0948e8c4
0928a884
00000000
0cabcba4
00000000
00000000
00000000
00000000
0ccc0be4
09692904
0cec4c24
00000000
00000000
0d0c8c64
00000000
0d2ccca4
09896944
00000000
108faf84
00000000
0d4d0ce4
10afefc4
00000000
00000000
00000000
00000000
10d03004
00000000
00000000
0d6d4d24
10f07044
1110b084
14739364
00000000
00000000
1493d3a4
00000000
1130f0c4
14b413e4
14d45424
00000000
02e201e2
00000000
14f49464
11513104
00000000
00000000
1514d4a4
18577744
1877b784
1897f7c4
00000000
00000000
03024222
153514e4
00000000
18b83804
18d87844
00000000
1c3b5b24
036302e2
1c5b9b64
00000000
18f8b884
00000000
03228262
1c7bdba4
00000000
1c9c1be4
1cbc5c24
00000000
00000000
1918f8c4
00000000
00000000
00000000
00000000
0342c2a2
1cdc9c64
00000000
00000000
00000000
00000000
00000000
03834322
1cfcdca4
00000000
00000000
00000000
06c5e5c2
00000000
03a38362
00000000
00000000
00000000
00000000
00000000
00000000
00000000
00000000
00000000
06e62602
00000000
00000000
00000000
00000000
00000000
00000000
0746e6c2
00000000
00000000
00000000
00000000
07066642
00000000
00000000
00000000
00000000
00000000
00000000
00000000
00000000
00000000
00000000
0726a682
00000000
00000000
00000000
00000000
00000000
00000000
07672702
00000000
00000000
00000000
00000000
00000000
0aa9c9a2
07876742
00000000
00000000
00000000
00000000
00000000
00000000
00000000
00000000
00000000
00000000
0aca09e2
00000000
00000000
00000000
00000000
00000000
00000000
0b2acaa2
00000000
00000000
00000000
00000000
0aea4a22
00000000
00000000
00000000
00000000
00000000
00000000
00000000
00000000
00000000
00000000
0b0a8a62
00000000
00000000
00000000
001f3f04
00000000
00000000
0b4b0ae2
003f7f44
00000000
00000000
00000000
00000000
0e8dad82
0b6b4b22
007fffc4
005fbf84
00802004
00000000
00000000
00000000
00000000
00000000
00a06044
00000000
0eadedc2
00000000
00000000
00000000
00000000
00000000
00000000
0f0eae82
00c0a084
00000000
00000000
00000000
0ece2e02
00000000
00000000
00000000
00000000
00000000
00000000
00000000
00000000
03e302e4
00000000
0eee6e42
00000000
00000000
04034324
00000000
04238364
00000000
0f2eeec2
00000000
00000000
046403e4
0443c3a4
00000000
12719162
0f4f2f02
00000000
00000000
00000000
00000000
04844424
00000000
00000000
00000000
00000000
00000000
1291d1a2
04a48464
00000000
00000000
00000000
00000000
00000000
12f29262
00000000
00000000
00000000
00000000
12b211e2
00000000
00000000
00000000
00000000
00000000
00000000
00000000
07c6e6c4
00000000
00000000
12d25222
07e72704
00000000
00000000
08076744
00000000
00000000
1312d2a2
0847e7c4
0827a784
00000000
00000000
00000000
16557542
133312e2
00000000
08682804
00000000
00000000
00000000
00000000
00000000
00000000
00000000
00000000
1675b582
08886844
00000000
00000000
00000000
00000000
00000000
16d67642
00000000
00000000
00000000
1695f5c2
00000000
00000000
00000000
00000000
00000000
00000000
00000000
00000000
00000000
0baacaa4
00000000
16b63602
0bcb0ae4
00000000
0beb4b24
00000000
00000000
0c0b8b64
16f6b682
0c2bcba4
00000000
00000000
00000000
1a395922
0c4c0be4
00000000
1716f6c2
00000000
00000000
00000000
00000000
0c6c4c24
00000000
00000000
00000000
00000000
00000000
00000000
00000000
00000000
00000000
00000000
1a599962
00000000
00000000
00000000
00000000
00000000
00000000
1aba5a22
00000000
00000000
00000000
00000000
00000000
00000000
1a79d9a2
00000000
00000000
00000000
00000000
00000000
00000000
00000000
0f8eae84
00000000
00000000
0faeeec4
00000000
0fcf2f04
00000000
00000000
00000000
0fef6f44
100faf84
00000000
00000000
00000000
00000000
00000000
102fefc4
00000000
00000000
00000000
00000000
00000000
00000000
10503004
00000000
00000000
00000000
00000000
00000000
00000000
00000000
00000000
1a9a19e2
00000000
00000000
00000000
00000000
00000000
00000000
1ada9a62
00000000
00000000
00000000
00000000
1e1d3d02
00000000
1afadaa2
13729264
00000000
00000000
1392d2a4
00000000
13b312e4
00000000
13d35324
00000000
1e3d7d42
13f39364
00000000
00000000
00000000
00000000
1413d3a4
1e9e3e02
00000000
00000000
00000000
00000000
1e5dbd82
143413e4
00000000
00000000
00000000
00000000
00000000
00000000
00000000
00000000
00000000
1e7dfdc2
00000000
00000000
00000000
00000000
00000000
00000000
1ebe7e42
00000000
00000000
00000000
00000000
00000000
00000000
1edebe82
01e100e2
00000000
00000000
00000000
00000000
00000000
00000000
00000000
00000000
00000000
02014122
00000000
00000000
00000000
00000000
00000000
00000000
026201e2
00000000
00000000
00000000
00000000
02218162
00000000
00000000
00000000
00000000
00000000
00000000
00000000
00000000
00000000
00000000
0241c1a2
00000000
17567644
00000000
00000000
1776b684
00000000
02824222
00000000
00000000
1796f6c4
00000000
00000000
00000000
02a28262
05c4e4c2
17b73704
00000000
00000000
17d77744
00000000
00000000
00000000
17f7b784
05e52502
00000000
00000000
00000000
00000000
00000000
1817f7c4
0645e5c2
00000000
00000000
00000000
00000000
06056542
00000000
00000000
00000000
00000000
00000000
00000000
00000000
00000000
00000000
00000000
00000000
0625a582
1b3a5a24
00000000
1b5a9a64
00000000
00000000
00000000
06662602
00000000
1b7adaa4
1b9b1ae4
1bbb5b24
09a8c8a2
00000000
00000000
06866642
00000000
1bdb9b64
00000000
00000000
00000000
00000000
00000000
00000000
1bfbdba4
0d8cac82
00000000
00000000
00000000
00000000
00000000
00000000
00000000
00000000
00000000
00000000
00000000
00000000
00000000
00000000
00000000
00000000
00000000
00000000
00000000
00000000
00000000
00000000
00000000
00000000
09c908e2
00000000
00000000
00000000
00000000
00000000
00000000
0a29c9a2
00000000
00000000
00000000
00000000
1f1e3e04
09e94922
00000000
00000000
00000000
1f3e7e44
1f5ebe84
00000000
00000000
00000000
1f7efec4
00000000
1f9f3f04
00000000
02e201e4
00000000
00000000
1fbf7f44
03024224
00000000
00000000
03228264
00000000
00000000
1fdfbf84
00000000
0342c2a4
036302e4
00000000
00000000
00000000
00000000
0a098962
03834324
00000000
00000000
00000000
00000000
00000000
0a4a09e2
03a38364
00000000
00000000
00000000
0dacecc2
00000000
0a6a4a22
00000000
00000000
00000000
00000000
0e0dad82
00000000
00000000
00000000
00000000
0dcd2d02
00000000
00000000
00000000
00000000
00000000
00000000
00000000
00000000
00000000
00000000
00000000
0ded6d42
00000000
00000000
00000000
00000000
00000000
11709062
0e2dedc2
00000000
00000000
00000000
00000000
00000000
00000000
0e4e2e02
00000000
00000000
00000000
1190d0a2
00000000
00000000
00000000
00000000
00000000
00000000
11f19162
00000000
00000000
00000000
00000000
11b110e2
00000000
00000000
00000000
00000000
00000000
00000000
00000000
00000000
00000000
00000000
00000000
11d15122
00000000
00000000
00000000
00000000
00000000
00000000
1211d1a2
00000000
00000000
00000000
00000000
15547442
00000000
00000000
123211e2
00000000
00000000
00000000
06c5e5c4
00000000
00000000
00000000
00000000
1574b482
00000000
06e62604
07066644
00000000
00000000
00000000
15d57542
0726a684
0746e6c4
00000000
00000000
1594f4c2
00000000
00000000
07672704
00000000
00000000
00000000
00000000
00000000
00000000
00000000
15b53502
07876744
00000000
00000000
0aa9c9a4
00000000
00000000
15f5b582
00000000
0aca09e4
0aea4a24
00000000
19385822
00000000
1615f5c2
0b0a8a64
0b2acaa4
00000000
00000000
00000000
00000000
00000000
0b4b0ae4
00000000
19589862
00000000
00000000
00000000
00000000
0b6b4b24
00000000
19b95922
00000000
00000000
00000000
00000000
00000000
00000000
00000000
00000000
00000000
00000000
00000000
00000000
00000000
00000000
00000000
00000000
00000000
00000000
00000000
1978d8a2
00000000
00000000
00000000
00000000
00000000
00000000
00000000
00000000
00000000
00000000
0e8dad84
00000000
00000000
0eadedc4
00000000
00000000
0ece2e04
00000000
0eee6e44
00000000
0f0eae84
00000000
00000000
12719164
00000000
0f2eeec4
00000000
00000000
00000000
1291d1a4
12b211e4
00000000
0f4f2f04
00000000
199918e2
12d25224
12f29264
00000000
00000000
00000000
1d1c3c02
19d99962
1312d2a4
00000000
00000000
00000000
00000000
00000000
19f9d9a2
133312e4
00000000
00000000
1d3c7c42
00000000
00000000
00000000
00000000
00000000
00000000
1d9d3d02
00000000
00000000
00000000
00000000
1d5cbc82
00000000
00000000
00000000
00000000
00000000
00000000
00000000
00000000
00000000
00000000
00000000
1d7cfcc2
00000000
00000000
00000000
00000000
00000000
00000000
1dbd7d42
00000000
00000000
00000000
00000000
00000000
00e01fe2
1dddbd82
00000000
00000000
00000000
00000000
00000000
00000000
00000000
00000000
00000000
01004022
00000000
00000000
00000000
00000000
00000000
00000000
016100e2
00000000
00000000
00000000
00000000
01208062
00000000
00000000
00000000
00000000
00000000
00000000
00000000
00000000
00000000
00000000
0140c0a2
00000000
00000000
00000000
00000000
00000000
00000000
01814122
00000000
00000000
16557544
00000000
00000000
1675b584
01a18162
04c3e3c2
00000000
00000000
00000000
1695f5c4
16d67644
00000000
16b63604
00000000
04e42402
00000000
00000000
00000000
00000000
00000000
16f6b684
0544e4c2
00000000
00000000
00000000
00000000
05046442
1716f6c4
00000000
00000000
00000000
00000000
00000000
00000000
00000000
00000000
00000000
00000000
0524a482
00000000
1a395924
00000000
1a599964
00000000
00000000
05652502
1a79d9a4
00000000
00000000
1a9a19e4
08a7c7a2
00000000
05856542
00000000
1aba5a24
00000000
1ada9a64
00000000
00000000
00000000
00000000
00000000
00000000
0c8bab82
1afadaa4
00000000
00000000
00000000
00000000
00000000
00000000
00000000
00000000
00000000
00000000
00000000
00000000
00000000
08c807e2
00000000
00000000
00000000
00000000
00000000
00000000
00000000
00000000
00000000
00000000
08e84822
0928c8a2
00000000
00000000
00000000
00000000
00000000
00000000
00000000
00000000
00000000
00000000
1e1d3d04
00000000
1e3d7d44
00000000
00000000
00000000
1e5dbd84
00000000
00000000
00000000
1e7dfdc4
1e9e3e04
00000000
01e100e4
02014124
00000000
00000000
1ebe7e44
02218164
00000000
00000000
00000000
026201e4
00000000
1edebe84
0241c1a4
00000000
00000000
00000000
00000000
00000000
00000000
00000000
00000000
09088862
02824224
00000000
00000000
00000000
00000000
0cabebc2
094908e2
02a28264
00000000
00000000
00000000
00000000
0d0cac82
09694922
00000000
00000000
00000000
0ccc2c02
00000000
00000000
00000000
00000000
00000000
00000000
00000000
00000000
00000000
00000000
00000000
0cec6c42
00000000
00000000
00000000
00000000
00000000
00000000
0d2cecc2
00000000
00000000
00000000
00000000
106f8f62
00000000
0d4d2d02
00000000
00000000
00000000
00000000
00000000
00000000
00000000
00000000
00000000
108fcfa2
00000000
00000000
00000000
00000000
00000000
00000000
10f09062
00000000
00000000
00000000
00000000
00000000
10b00fe2
00000000
00000000
00000000
00000000
00000000
00000000
00000000
00000000
00000000
10d05022
00000000
00000000
00000000
00000000
00000000
00000000
1110d0a2
00000000
00000000
00000000
00000000
00000000
00000000
113110e2
14537342
00000000
00000000
00000000
00000000
00000000
00000000
00000000
00000000
1473b382
00000000
00000000
05c4e4c4
05e52504
00000000
06056544
14d47442
00000000
0625a584
00000000
0645e5c4
1493f3c2
00000000
00000000
00000000
06662604
00000000
00000000
00000000
00000000
00000000
00000000
06866644
14b43402
00000000
00000000
00000000
00000000
00000000
09a8c8a4
14f4b482
09c908e4
00000000
09e94924
00000000
00000000
18375722
00000000
1514f4c2
0a098964
0a29c9a4
00000000
00000000
00000000
00000000
00000000
0a4a09e4
00000000
00000000
00000000
00000000
00000000
00000000
0a6a4a24
00000000
00000000
00000000
00000000
00000000
00000000
00000000
00000000
00000000
00000000
00000000
00000000
00000000
18579762
00000000
00000000
00000000
00000000
00000000
00000000
18b85822
00000000
00000000
0d8cac84
00000000
00000000
0dacecc4
00000000
00000000
00000000
00000000
0dcd2d04
00000000
0e0dad84
0ded6d44
00000000
00000000
00000000
00000000
00000000
00000000
00000000
00000000
0e2dedc4
00000000
00000000
00000000
00000000
00000000
00000000
0e4e2e04
00000000
00000000
00000000
00000000
1877d7a2
00000000
00000000
00000000
00000000
00000000
00000000
00000000
00000000
00000000
00000000
00000000
189817e2
11709064
00000000
00000000
00000000
00000000
1190d0a4
18d89862
11b110e4
00000000
11d15124
00000000
1c1b3b02
11f19164
18f8d8a2
00000000
00000000
00000000
1c3b7b42
1211d1a4
00000000
00000000
00000000
00000000
00000000
1c9c3c02
123211e4
00000000
00000000
00000000
1c5bbb82
00000000
00000000
00000000
00000000
00000000
00000000
00000000
00000000
00000000
00000000
00000000
1c7bfbc2
00000000
00000000
00000000
00000000
00000000
00000000
1cbc7c42
1fff1ee2
00000000
00000000
00000000
00000000
00000000
00000000
1cdcbc82
00000000
00000000
001f5f22
00000000
00000000
00000000
00000000
00000000
00000000
00601fe2
00000000
00000000
00000000
00000000
00000000
003f9f62
00000000
00000000
00000000
00000000
00000000
00000000
00000000
00000000
00000000
00000000
005fdfa2
00000000
00000000
00000000
00000000
00000000
00000000
00804022
00000000
00000000
00000000
00000000
00000000
03c2e2c2
00a08062
15547444
1574b484
00000000
00000000
00000000
00000000
1594f4c4
00000000
00000000
03e32302
15b53504
15d57544
00000000
00000000
00000000
00000000
0443e3c2
15f5b584
00000000
00000000
00000000
04036342
00000000
00000000
1615f5c4
00000000
00000000
00000000
00000000
00000000
00000000
00000000
0423a382
00000000
00000000
00000000
00000000
00000000
00000000
04642402
00000000
00000000
19385824
00000000
00000000
19589864
04846442
07a6c6a2
00000000
00000000
1978d8a4
00000000
19b95924
00000000
199918e4
00000000
07c706e2
00000000
00000000
00000000
00000000
00000000
19d99964
0827c7a2
00000000
00000000
00000000
00000000
07e74722
19f9d9a4
00000000
00000000
00000000
00000000
00000000
00000000
00000000
00000000
00000000
00000000
00000000
08078762
00000000
00000000
00000000
00000000
00000000
00000000
084807e2
00000000
00000000
1d1c3c04
00000000
00000000
00000000
08684822
1d3c7c44
00000000
00000000
00000000
1d5cbc84
00000000
00000000
1d9d3d04
00000000
1d7cfcc4
00000000
00000000
00e01fe4
01004024
00000000
00000000
1dbd7d44
00000000
00000000
01208064
00000000
016100e4
0b8aaa82
1dddbd84
0140c0a4
00000000
00000000
00000000
00000000
00000000
00000000
00000000
00000000
0baaeac2
01814124
00000000
00000000
00000000
00000000
00000000
0c0bab82
01a18164
00000000
00000000
00000000
0bcb2b02
00000000
00000000
00000000
00000000
00000000
00000000
00000000
00000000
00000000
00000000
0beb6b42
00000000
00000000
00000000
00000000
00000000
00000000
0c2bebc2
00000000
00000000
00000000
00000000
00000000
0f6e8e62
0c4c2c02
00000000
00000000
00000000
00000000
00000000
00000000
00000000
00000000
00000000
00000000
0f8ecea2
00000000
04c3e3c4
00000000
04e42404
00000000
00000000
0fef8f62
05046444
00000000
00000000
00000000
0faf0ee2
0524a484
0544e4c4
00000000
00000000
00000000
00000000
00000000
05652504
00000000
00000000
0fcf4f22
00000000
00000000
00000000
05856544
00000000
00000000
100fcfa2
00000000
00000000
00000000
00000000
00000000
00000000
10300fe2
00000000
00000000
00000000
00000000
00000000
13527242
00000000
00000000
00000000
00000000
00000000
00000000
00000000
00000000
00000000
1372b282
00000000
00000000
00000000
00000000
00000000
00000000
13d37342
00000000
00000000
00000000
00000000
1392f2c2
00000000
00000000
00000000
08a7c7a4
00000000
00000000
00000000
00000000
00000000
00000000
00000000
13b33302
08c807e4
00000000
00000000
08e84824
09088864
17365622
13f3b382
0928c8a4
00000000
00000000
00000000
094908e4
00000000
1413f3c2
00000000
00000000
00000000
00000000
09694924
00000000
00000000
00000000
00000000
00000000
00000000
00000000
00000000
00000000
00000000
00000000
17569662
00000000
00000000
00000000
00000000
00000000
00000000
17b75722
00000000
00000000
00000000
00000000
00000000
0c8bab84
00000000
00000000
0cabebc4
00000000
0ccc2c04
00000000
00000000
0cec6c44
00000000
0d0cac84
00000000
00000000
00000000
00000000
0d2cecc4
00000000
00000000
00000000
00000000
00000000
00000000
0d4d2d04
00000000
00000000
00000000
1776d6a2
00000000
00000000
00000000
00000000
00000000
00000000
00000000
00000000
00000000
00000000
00000000
179716e2
00000000
00000000
00000000
00000000
00000000
00000000
17d79762
00000000
00000000
00000000
00000000
1b1a3a02
00000000
17f7d7a2
00000000
106f8f64
00000000
00000000
00000000
108fcfa4
00000000
00000000
00000000
00000000
00000000
10b00fe4
10f09064
10d05024
00000000
1b3a7a42
00000000
00000000
00000000
00000000
00000000
1b5aba82
1b9b3b02
00000000
1110d0a4
00000000
00000000
00000000
00000000
00000000
00000000
00000000
1b7afac2
113110e4
00000000
00000000
00000000
00000000
00000000
1bbb7b42
00000000
00000000
00000000
00000000
00000000
1efe1de2
1bdbbb82
00000000
00000000
00000000
00000000
00000000
00000000
00000000
00000000
00000000
00000000
1f1e5e22
00000000
00000000
00000000
00000000
00000000
00000000
1f7f1ee2
00000000
00000000
00000000
00000000
1f3e9e62
00000000
00000000
00000000
00000000
00000000
00000000
00000000
00000000
00000000
00000000
1f5edea2
00000000
00000000
00000000
14537344
00000000
00000000
1f9f5f22
1473b384
00000000
00000000
00000000
00000000
02c1e1c2
1fbf9f62
14b43404
1493f3c4
14d47444
00000000
00000000
00000000
00000000
00000000
14f4b484
00000000
02e22202
00000000
00000000
00000000
00000000
00000000
1514f4c4
0342e2c2
00000000
00000000
00000000
00000000
03026242
00000000
00000000
00000000
00000000
00000000
00000000
00000000
18375724
00000000
00000000
0322a282
18579764
00000000
00000000
1877d7a4
00000000
00000000
03632302
18b85824
189817e4
00000000
00000000
00000000
06a5c5a2
03836342
00000000
18d89864
00000000
00000000
00000000
00000000
00000000
00000000
00000000
06c605e2
18f8d8a4
00000000
00000000
00000000
00000000
00000000
0726c6a2
00000000
00000000
00000000
00000000
06e64622
00000000
00000000
00000000
00000000
00000000
00000000
00000000
00000000
00000000
00000000
00000000
00000000
07068662
00000000
00000000
00000000
00000000
00000000
00000000
074706e2
00000000
00000000
1c1b3b04
00000000
00000000
00000000
07674722
1c3b7b44
00000000
00000000
00000000
1c5bbb84
00000000
00000000
1c9c3c04
00000000
1c7bfbc4
00000000
00000000
1fff1ee4
001f5f24
00000000
00000000
1cbc7c44
00000000
00000000
003f9f64
00000000
00601fe4
0a89a982
1cdcbc84
005fdfa4
00000000
00000000
00000000
00000000
00000000
00000000
00000000
00000000
0aa9e9c2
00804024
00000000
00000000
00000000
00000000
00000000
0b0aaa82
00a08064
00000000
00000000
00000000
0aca2a02
00000000
00000000
00000000
00000000
00000000
00000000
00000000
00000000
00000000
00000000
0aea6a42
00000000
00000000
00000000
00000000
00000000
00000000
0b2aeac2
00000000
00000000
00000000
00000000
00000000
0e6d8d62
0b4b2b02
00000000
00000000
00000000
00000000
00000000
00000000
00000000
00000000
00000000
00000000
0e8dcda2
00000000
03c2e2c4
00000000
03e32304
00000000
00000000
0eee8e62
04036344
00000000
00000000
00000000
0eae0de2
0423a384
0443e3c4
00000000
00000000
00000000
00000000
00000000
04642404
00000000
00000000
0ece4e22
00000000
00000000
00000000
04846444
00000000
00000000
0f0ecea2
00000000
00000000
00000000
00000000
00000000
00000000
0f2f0ee2
00000000
00000000
00000000
00000000
00000000
12517142
00000000
00000000
00000000
00000000
00000000
00000000
00000000
00000000
00000000
1271b182
00000000
00000000
00000000
00000000
00000000
00000000
12d27242
00000000
00000000
00000000
00000000
1291f1c2
00000000
00000000
00000000
07a6c6a4
00000000
00000000
00000000
00000000
00000000
00000000
00000000
12b23202
07c706e4
00000000
00000000
07e74724
08078764
16355522
12f2b282
0827c7a4
00000000
00000000
00000000
084807e4
00000000
1312f2c2
00000000
00000000
00000000
00000000
08684824
00000000
00000000
00000000
00000000
00000000
00000000
00000000
00000000
00000000
00000000
00000000
16559562
00000000
00000000
00000000
00000000
00000000
00000000
16b65622
00000000
00000000
00000000
00000000
00000000
0b8aaa84
00000000
00000000
0baaeac4
00000000
0bcb2b04
00000000
00000000
0beb6b44
00000000
0c0bab84
00000000
00000000
00000000
00000000
0c2bebc4
00000000
00000000
00000000
00000000
00000000
00000000
0c4c2c04
00000000
00000000
00000000
1675d5a2
00000000
00000000
00000000
00000000
00000000
00000000
00000000
00000000
00000000
00000000
00000000
169615e2
00000000
00000000
00000000
00000000
00000000
00000000
16d69662
00000000
00000000
00000000
00000000
1a193902
00000000
16f6d6a2
00000000
0f6e8e64
00000000
00000000
00000000
0f8ecea4
00000000
00000000
00000000
00000000
00000000
0faf0ee4
0fef8f64
0fcf4f24
00000000
1a397942
00000000
00000000
00000000
00000000
00000000
1a59b982
1a9a3a02
00000000
100fcfa4
00000000
00000000
00000000
00000000
00000000
00000000
00000000
1a79f9c2
10300fe4
00000000
00000000
00000000
00000000
00000000
1aba7a42
00000000
00000000
00000000
00000000
00000000
1dfd1ce2
1adaba82
00000000
00000000
00000000
00000000
00000000
00000000
00000000
00000000
00000000
00000000
1e1d5d22
00000000
00000000
00000000
00000000
00000000
00000000
1e7e1de2
00000000
00000000
00000000
00000000
1e3d9d62
00000000
00000000
00000000
00000000
00000000
00000000
00000000
00000000
00000000
00000000
1e5ddda2
00000000
00000000
00000000
13527244
00000000
00000000
1e9e5e22
1372b284
00000000
00000000
00000000
00000000
01c0e0c2
1ebe9e62
13b33304
1392f2c4
13d37344
00000000
00000000
00000000
00000000
00000000
13f3b384
00000000
01e12102
00000000
00000000
00000000
00000000
00000000
1413f3c4
0241e1c2
00000000
00000000
00000000
00000000
02016142
00000000
00000000
00000000
00000000
00000000
00000000
00000000
17365624
00000000
00000000
0221a182
17569664
00000000
00000000
1776d6a4
00000000
00000000
02622202
17b75724
179716e4
00000000
00000000
00000000
05a4c4a2
02826242
00000000
17d79764
00000000
00000000
00000000
00000000
00000000
00000000
00000000
05c504e2
17f7d7a4
00000000
00000000
00000000
00000000
00000000
0625c5a2
00000000
00000000
00000000
00000000
05e54522
00000000
00000000
00000000
00000000
00000000
00000000
00000000
00000000
00000000
00000000
00000000
00000000
06058562
00000000
00000000
00000000
00000000
00000000
00000000
064605e2
00000000
00000000
1b1a3a04
00000000
00000000
00000000
06664622
1b3a7a44
00000000
00000000
00000000
1b5aba84
00000000
00000000
1b9b3b04
00000000
1b7afac4
00000000
00000000
1efe1de4
1f1e5e24
00000000
00000000
1bbb7b44
00000000
00000000
1f3e9e64
00000000
1f7f1ee4
0988a882
1bdbbb84
1f5edea4
00000000
00000000
00000000
00000000
00000000
00000000
00000000
00000000
09a8e8c2
1f9f5f24
00000000
00000000
00000000
00000000
00000000
0a09a982
1fbf9f64
00000000
00000000
00000000
09c92902
00000000
00000000
00000000
00000000
00000000
00000000
00000000
00000000
00000000
00000000
09e96942
00000000
00000000
00000000
00000000
00000000
00000000
0a29e9c2
00000000
00000000
00000000
00000000
00000000
0d6c8c62
0a4a2a02
00000000
00000000
00000000
00000000
00000000
00000000
00000000
00000000
00000000
00000000
0d8ccca2
00000000
02c1e1c4
00000000
02e22204
00000000
00000000
0ded8d62
03026244
00000000
00000000
00000000
0dad0ce2
0322a284
0342e2c4
00000000
00000000
00000000
00000000
00000000
03632304
00000000
00000000
0dcd4d22
00000000
00000000
00000000
03836344
00000000
00000000
0e0dcda2
00000000
00000000
00000000
00000000
00000000
00000000
0e2e0de2
00000000
00000000
00000000
00000000
00000000
11507042
00000000
00000000
00000000
00000000
00000000
00000000
00000000
00000000
00000000
1170b082
00000000
00000000
00000000
00000000
00000000
00000000
11d17142
00000000
00000000
00000000
00000000
1190f0c2
00000000
00000000
00000000
06a5c5a4
00000000
00000000
00000000
00000000
00000000
00000000
00000000
11b13102
06c605e4
00000000
00000000
06e64624
07068664
15345422
11f1b182
0726c6a4
00000000
00000000
00000000
074706e4
00000000
1211f1c2
00000000
00000000
00000000
00000000
07674724
00000000
00000000
00000000
00000000
00000000
00000000
00000000
00000000
00000000
00000000
00000000
15549462
00000000
00000000
00000000
00000000
00000000
00000000
15b55522
00000000
00000000
00000000
00000000
00000000
0a89a984
00000000
00000000
0aa9e9c4
00000000
0aca2a04
00000000
00000000
0aea6a44
00000000
0b0aaa84
00000000
00000000
00000000
00000000
0b2aeac4
00000000
00000000
00000000
00000000
00000000
00000000
0b4b2b04
00000000
00000000
00000000
1574d4a2
00000000
00000000
00000000
00000000
00000000
00000000
00000000
00000000
00000000
00000000
00000000
159514e2
00000000
00000000
00000000
00000000
00000000
00000000
15d59562
00000000
00000000
00000000
00000000
19183802
00000000
15f5d5a2
00000000
0e6d8d64
00000000
00000000
00000000
0e8dcda4
00000000
00000000
00000000
00000000
00000000
0eae0de4
0eee8e64
0ece4e24
00000000
19387842
00000000
00000000
00000000
00000000
00000000
1958b882
19993902
00000000
0f0ecea4
00000000
00000000
00000000
00000000
00000000
00000000
00000000
1978f8c2
0f2f0ee4
00000000
00000000
00000000
00000000
00000000
19b97942
00000000
00000000
00000000
00000000
00000000
1cfc1be2
19d9b982
00000000
00000000
00000000
00000000
00000000
00000000
00000000
00000000
00000000
00000000
1d1c5c22
00000000
00000000
00000000
00000000
00000000
00000000
1d7d1ce2
00000000
00000000
00000000
00000000
1d3c9c62
00000000
00000000
00000000
00000000
00000000
00000000
00000000
00000000
00000000
00000000
1d5cdca2
00000000
00000000
00000000
12517144
00000000
00000000
1d9d5d22
1271b184
00000000
00000000
00000000
00000000
00dfffc2
1dbd9d62
12b23204
1291f1c4
12d27244
00000000
00000000
00000000
00000000
00000000
12f2b284
00000000
00e02002
00000000
00000000
00000000
00000000
00000000
1312f2c4
0140e0c2
00000000
00000000
00000000
00000000
01006042
00000000
00000000
00000000
00000000
00000000
00000000
00000000
16355524
00000000
00000000
0120a082
16559564
00000000
00000000
1675d5a4
00000000
00000000
01612102
16b65624
169615e4
00000000
00000000
00000000
04a3c3a2
01816142
00000000
16d69664
00000000
00000000
00000000
00000000
00000000
00000000
00000000
04c403e2
16f6d6a4
00000000
00000000
00000000
00000000
00000000
0524c4a2
00000000
00000000
00000000
00000000
04e44422
00000000
00000000
00000000
00000000
00000000
00000000
00000000
00000000
00000000
00000000
00000000
00000000
05048462
00000000
00000000
00000000
00000000
00000000
00000000
054504e2
00000000
00000000
1a193904
00000000
00000000
00000000
05654522
1a397944
00000000
00000000
00000000
1a59b984
00000000
00000000
1a9a3a04
00000000
1a79f9c4
00000000
00000000
1dfd1ce4
1e1d5d24
00000000
00000000
1aba7a44
00000000
00000000
1e3d9d64
00000000
1e7e1de4
0887a782
1adaba84
1e5ddda4
00000000
00000000
00000000
00000000
00000000
00000000
00000000
00000000
08a7e7c2
1e9e5e24
00000000
00000000
00000000
00000000
00000000
0908a882
1ebe9e64
00000000
00000000
00000000
08c82802
00000000
00000000
00000000
00000000
00000000
00000000
00000000
00000000
00000000
00000000
08e86842
00000000
00000000
00000000
00000000
00000000
00000000
0928e8c2
00000000
00000000
00000000
00000000
00000000
0c6b8b62
09492902
00000000
00000000
00000000
00000000
00000000
00000000
00000000
00000000
00000000
00000000
0c8bcba2
00000000
01c0e0c4
00000000
01e12104
00000000
00000000
0cec8c62
02016144
00000000
00000000
00000000
0cac0be2
0221a184
0241e1c4
00000000
00000000
00000000
00000000
00000000
02622204
00000000
00000000
0ccc4c22
00000000
00000000
00000000
02826244
00000000
00000000
0d0ccca2
00000000
00000000
00000000
00000000
00000000
00000000
0d2d0ce2
00000000
00000000
00000000
00000000
00000000
104f6f42
00000000
00000000
00000000
00000000
00000000
00000000
00000000
00000000
00000000
106faf82
00000000
00000000
00000000
00000000
00000000
00000000
10d07042
00000000
00000000
00000000
00000000
108fefc2
00000000
00000000
00000000
05a4c4a4
00000000
00000000
00000000
00000000
00000000
00000000
00000000
10b03002
05c504e4
00000000
00000000
05e54524
06058564
14335322
10f0b082
0625c5a4
00000000
00000000
00000000
064605e4
00000000
1110f0c2
00000000
00000000
00000000
00000000
06664624
00000000
00000000
00000000
00000000
00000000
00000000
00000000
00000000
00000000
00000000
00000000
14539362
00000000
00000000
00000000
00000000
00000000
00000000
14b45422
00000000
00000000
00000000
00000000
00000000
0988a884
00000000
00000000
09a8e8c4
00000000
09c92904
00000000
00000000
09e96944
00000000
0a09a984
00000000
00000000
00000000
00000000
0a29e9c4
00000000
00000000
00000000
00000000
00000000
00000000
0a4a2a04
00000000
00000000
00000000
1473d3a2
00000000
00000000
00000000
00000000
00000000
00000000
00000000
00000000
00000000
00000000
00000000
149413e2
00000000
00000000
00000000
00000000
00000000
00000000
14d49462
00000000
00000000
00000000
00000000
18173702
00000000
14f4d4a2
00000000
0d6c8c64
00000000
00000000
00000000
0d8ccca4
00000000
00000000
00000000
00000000
00000000
0dad0ce4
0ded8d64
0dcd4d24
00000000
18377742
00000000
00000000
00000000
00000000
00000000
1857b782
18983802
00000000
0e0dcda4
00000000
00000000
00000000
00000000
00000000
00000000
00000000
1877f7c2
0e2e0de4
00000000
00000000
00000000
00000000
00000000
18b87842
00000000
00000000
00000000
00000000
00000000
1bfb1ae2
18d8b882
00000000
00000000
00000000
00000000
00000000
00000000
00000000
00000000
00000000
00000000
1c1b5b22
00000000
00000000
00000000
00000000
00000000
00000000
1c7c1be2
00000000
00000000
00000000
00000000
1c3b9b62
00000000
00000000
00000000
00000000
00000000
00000000
00000000
00000000
00000000
00000000
1c5bdba2
00000000
00000000
00000000
11507044
00000000
00000000
1c9c5c22
1170b084
00000000
00000000
00000000
00000000
1fdefec2
1cbc9c62
11b13104
1190f0c4
11d17144
00000000
00000000
00000000
00000000
00000000
11f1b184
00000000
1fff3f02
00000000
00000000
00000000
00000000
00000000
1211f1c4
005fffc2
00000000
00000000
00000000
00000000
001f7f42
00000000
00000000
00000000
00000000
00000000
00000000
00000000
15345424
00000000
00000000
003fbf82
15549464
00000000
00000000
1574d4a4
00000000
00000000
00602002
15b55524
159514e4
00000000
00000000
00000000
03a2c2a2
00806042
00000000
15d59564
00000000
00000000
00000000
00000000
00000000
00000000
00000000
03c302e2
15f5d5a4
00000000
00000000
00000000
00000000
00000000
0423c3a2
00000000
00000000
00000000
00000000
03e34322
00000000
00000000
00000000
00000000
00000000
00000000
00000000
00000000
00000000
00000000
00000000
00000000
04038362
00000000
00000000
00000000
00000000
00000000
00000000
044403e2
00000000
00000000
00000000
00000000
00000000
00000000
04644422
00000000
00000000
00000000
00000000
00000000
00000000
00000000
00000000
00000000
00000000
00000000
00000000
00000000
00000000
00000000
00000000
00000000
00000000
00000000
00000000
00000000
00000000
0786a682
00000000
00000000
00000000
00000000
00000000
00000000
00000000
00000000
00000000
00000000
07a6e6c2
00000000
00000000
00000000
00000000
00000000
00000000
0807a782
00000000
00000000
00000000
00000000
07c72702
00000000
00000000
00000000
00000000
00000000
00000000
00000000
00000000
00000000
00000000
07e76742
00000000
00000000
00000000
00000000
00000000
00000000
0827e7c2
00000000
00000000
00000000
00000000
00000000
0b6a8a62
08482802
00000000
00000000
00000000
00000000
00000000
00000000
00000000
00000000
00000000
00000000
0b8acaa2
00000000
00000000
00000000
00000000
00000000
00000000
0beb8b62
00000000
00000000
00000000
00000000
0bab0ae2
00000000
00000000
00000000
00000000
00000000
00000000
00000000
00000000
00000000
00000000
0bcb4b22
00000000
00000000
00000000
00000000
00000000
00000000
0c0bcba2
00000000
00000000
00000000
00000000
00000000
00000000
0c2c0be2
00000000
00000000
00000000
00000000
00000000
0f4e6e42
00000000
00000000
00000000
00000000
00000000
00000000
00000000
00000000
00000000
0f6eae82
00000000
00000000
00000000
00000000
00000000
00000000
0fcf6f42
00000000
00000000
00000000
00000000
0f8eeec2
00000000
00000000
00000000
00000000
00000000
00000000
00000000
00000000
00000000
00000000
00000000
0faf2f02
00000000
00000000
00000000
00000000
00000000
13325222
0fefaf82
00000000
00000000
00000000
00000000
00000000
00000000
100fefc2
00000000
00000000
00000000
00000000
00000000
00000000
00000000
00000000
00000000
00000000
00000000
00000000
00000000
00000000
00000000
00000000
13529262
00000000
00000000
00000000
00000000
00000000
00000000
13b35322
00000000
00000000
00000000
00000000
00000000
00000000
00000000
00000000
00000000
00000000
00000000
00000000
00000000
00000000
00000000
00000000
00000000
00000000
00000000
00000000
00000000
00000000
00000000
00000000
00000000
00000000
00000000
00000000
00000000
00000000
00000000
1372d2a2
00000000
00000000
00000000
00000000
00000000
00000000
00000000
00000000
00000000
00000000
00000000
139312e2
00000000
00000000
00000000
00000000
00000000
00000000
13d39362
00000000
00000000
00000000
17163602
00000000
00000000
13f3d3a2
00000000
00000000
00000000
00000000
00000000
00000000
00000000
00000000
00000000
00000000
00000000
00000000
00000000
00000000
17367642
00000000
00000000
00000000
00000000
00000000
1756b682
00000000
17973702
00000000
00000000
00000000
00000000
00000000
00000000
00000000
00000000
00000000
1776f6c2
00000000
00000000
00000000
00000000
00000000
00000000
17b77742
00000000
00000000
00000000
00000000
00000000
00000000
17d7b782
00000000
00000000
00000000
00000000
00000000
00000000
00000000
00000000
00000000
00000000
00000000
00000000
00000000
00000000
00000000
00000000
00000000
00000000
00000000
00000000
00000000
00000000
00000000
00000000
00000000
00000000
00000000
00000000
00000000
00000000
00000000
00000000
00000000
00000000
00000000
00000000
00000000
00000000
00000000
00000000
00000000
00000000
00000000
00000000
