00000000
00000000
00000000
00000000
00000000
00000000
00000000
00000000
00000000
00000000
00000000
00000000
00000000
00000000
00000000
00000000
00000000
00000000
00000000
00000000
00000000
00000000
00000000
00000000
00000000
00605081
00000000
00000000
00000000
00000000
00000000
00000000
00000000
00a09081
00000000
00000000
00000000
00000000
00000000
00000000
00000000
01615081
00000000
00000000
00000000
00000000
00000000
00000000
00000000
01a19081
00000000
00000000
00000000
00000000
00000000
00000000
00000000
02625081
00000000
00000000
00000000
00000000
00000000
00000000
00000000
02a29081
00000000
00000000
00000000
00000000
00000000
00000000
00000000
03635081
00000000
00000000
00000000
00000000
00000000
00000000
00000000
03a39081
00000000
00000000
00c0a003
00000000
00000000
00000000
00000000
04645081
00000000
00000000
00000000
00000000
00000000
00000000
00000000
04a49081
00000000
00000000
01a18003
00000000
00000000
00000000
00000000
05655081
00000000
00000000
00000000
00000000
00000000
00000000
00000000
05a59081
00000000
00000000
02826003
00000000
00000000
00000000
00000000
06665081
00000000
00000000
00000000
00000000
00000000
00000000
00000000
06a69081
00000000
00000000
03634003
00000000
00000000
00000000
00000000
07675081
00000000
00000000
00000000
00000000
00000000
00000000
00000000
07a79081
00000000
00000000
04442003
00000000
00000000
00000000
00000000
08685081
00000000
00000000
00000000
00000000
00000000
00000000
00000000
08a89081
00000000
00000000
05250003
00000000
00000000
00000000
00000000
09695081
00000000
00000000
00000000
00000000
00000000
00000000
00000000
09a99081
00000000
00000000
0605e003
00000000
00000000
00000000
00000000
0a6a5081
00000000
00000000
00000000
00000000
00000000
00000000
00000000
0aaa9081
00000000
00000000
06e6c003
00000000
00000000
00000000
00000000
0b6b5081
00000000
00000000
00000000
00000000
00000000
00000000
00000000
0bab9081
00000000
00000000
07c7a003
00000000
00000000
00000000
00000000
0c6c5081
00000000
00000000
00000000
00000000
00000000
00000000
00000000
0cac9081
00000000
00000000
08a88003
00000000
00000000
00000000
00000000
0d6d5081
00000000
00000000
00000000
00000000
00000000
00000000
00000000
0dad9081
00000000
00000000
09896003
00000000
00000000
00000000
00000000
0e6e5081
00000000
00000000
00000000
00000000
00000000
00000000
00000000
0eae9081
00000000
00000000
0a6a4003
00000000
00000000
00000000
00000000
0f6f5081
00000000
00000000
00000000
00000000
00000000
00000000
00000000
0faf9081
00000000
00000000
0b4b2003
00000000
00000000
00000000
00000000
10705081
00000000
00000000
00000000
00000000
00000000
00000000
00000000
10b09081
00000000
00000000
0c2c0003
00000000
00000000
00000000
00000000
11715081
00000000
00000000
00000000
00000000
00000000
00000000
00000000
11b19081
00000000
00000000
0d0ce003
00000000
00000000
00000000
00000000
12725081
00000000
00000000
00000000
00000000
00000000
00000000
00000000
12b29081
00000000
00000000
0dedc003
00000000
00000000
00000000
00000000
13735081
00000000
00000000
00000000
00000000
00000000
00000000
00000000
13b39081
00000000
00000000
0ecea003
00000000
00000000
00000000
00000000
14745081
00000000
00000000
00000000
00000000
00000000
00000000
00000000
14b49081
00000000
00000000
0faf8003
00000000
00000000
00000000
00000000
15755081
00000000
00000000
00000000
00000000
00000000
00000000
00000000
15b59081
00000000
00000000
10906003
00000000
00000000
00000000
00000000
16765081
00000000
00000000
00000000
00000000
00000000
00000000
00000000
16b69081
00000000
00000000
11714003
00000000
00000000
00000000
00000000
17775081
00000000
00000000
00000000
00000000
00000000
00000000
00000000
17b79081
00000000
00000000
12522003
00000000
00000000
00000000
00000000
18785081
00000000
00000000
00000000
00000000
00000000
00000000
00000000
18b89081
00000000
00000000
13330003
00000000
00000000
00000000
00000000
19795081
00000000
00000000
00000000
00000000
00000000
00000000
00000000
19b99081
00000000
00000000
1413e003
00000000
00000000
00000000
00000000
1a7a5081
00000000
00000000
00000000
00000000
00000000
00000000
00000000
1aba9081
00000000
00000000
14f4c003
00000000
00000000
00000000
00000000
1b7b5081
00000000
00000000
00000000
00000000
00000000
00000000
00000000
1bbb9081
00000000
00000000
15d5a003
00000000
00000000
00000000
00000000
1c7c5081
00000000
00000000
00000000
00000000
00000000
00000000
00000000
1cbc9081
00000000
00000000
16b68003
00000000
00000000
00000000
00000000
1d7d5081
00000000
00000000
00000000
00000000
00000000
00000000
00000000
1dbd9081
00000000
00000000
17976003
00000000
00000000
00000000
00000000
1e7e5081
00000000
00000000
00000000
00000000
00000000
00000000
00000000
1ebe9081
00000000
00000000
18784003
00000000
00000000
00000000
00000000
1f7f5081
00000000
00000000
00000000
00000000
00000000
00000000
00000000
1fbf9081
00000000
00000000
19592003
00000000
00000000
00000000
00000000
00000000
00000000
00000000
00000000
00000000
00000000
00000000
00000000
00000000
00000000
00000000
1a3a0003
00000000
00000000
00000000
00000000
00000000
00000000
00000000
00000000
00000000
00000000
00000000
00000000
00000000
00000000
00000000
1b1ae003
00000000
00000000
00000000
00000000
00000000
00000000
00000000
00000000
00000000
00000000
00000000
00000000
00000000
00000000
00000000
1bfbc003
00000000
00000000
00000000
00000000
00000000
00000000
00000000
00000000
00000000
00000000
00000000
00000000
00000000
00000000
00000000
00000000
00000000
00000000
00000000
00000000
00000000
00000000
00000000
00000000
00000000
00000000
00000000
00000000
