00000000
00000000
00000000
40201044
00000000
00000000
00000000
40605044
00000000
00000000
00000000
40a09044
00000000
00000000
00000000
40e0d044
00000000
00000000
00000000
41211044
00000000
00000000
00000000
41615044
00000000
00000000
00000000
41a19044
00000000
00000000
00000000
41e1d044
00000000
00000000
00000000
42221044
00000000
00000000
00000000
42625044
00000000
00000000
00000000
42a29044
00000000
00000000
00000000
42e2d044
00000000
00000000
00000000
43231044
00000000
00000000
00000000
43635044
00000000
00000000
00000000
43a39044
00000000
00000000
00000000
43e3d044
00000000
00000000
00000000
44241044
00000000
00000000
00000000
44645044
00000000
00000000
00000000
44a49044
00000000
00000000
00000000
44e4d044
00000000
00000000
00000000
45251044
00000000
00000000
00000000
45655044
00000000
00000000
00000000
45a59044
00000000
00000000
00000000
45e5d044
00000000
00000000
00000000
46261044
00000000
00000000
00000000
46665044
00000000
00000000
00000000
46a69044
00000000
00000000
00000000
46e6d044
00000000
00000000
00000000
47271044
00000000
00000000
00000000
47675044
00000000
00000000
00000000
47a79044
00000000
00000000
00000000
47e7d044
00000000
00000000
00000000
48281044
00000000
00000000
00000000
48685044
00000000
00000000
00000000
48a89044
00000000
00000000
00000000
48e8d044
00000000
00000000
00000000
49291044
00000000
00000000
00000000
49695044
00000000
00000000
00000000
49a99044
00000000
00000000
00000000
49e9d044
00000000
00000000
00000000
4a2a1044
00000000
00000000
00000000
4a6a5044
00000000
00000000
00000000
4aaa9044
00000000
00000000
00000000
4aead044
00000000
00000000
00000000
4b2b1044
00000000
00000000
00000000
4b6b5044
00000000
00000000
00000000
4bab9044
00000000
00000000
00000000
4bebd044
00000000
00000000
00000000
4c2c1044
00000000
00000000
00000000
4c6c5044
00000000
00000000
00000000
4cac9044
00000000
00000000
00000000
4cecd044
00000000
00000000
00000000
4d2d1044
00000000
00000000
00000000
4d6d5044
00000000
00000000
00000000
4dad9044
00000000
00000000
00000000
4dedd044
00000000
00000000
00000000
4e2e1044
00000000
00000000
00000000
4e6e5044
00000000
00000000
00000000
4eae9044
00000000
00000000
00000000
4eeed044
00000000
00000000
00000000
4f2f1044
00000000
00000000
00000000
4f6f5044
00000000
00000000
00000000
4faf9044
00000000
00000000
00000000
4fefd044
00000000
00000000
00000000
50301044
00000000
00000000
00000000
50705044
00000000
00000000
00000000
50b09044
00000000
00000000
00000000
50f0d044
00000000
00000000
00000000
51311044
00000000
00000000
00000000
51715044
00000000
00000000
00000000
51b19044
00000000
00000000
00000000
51f1d044
00000000
00000000
00000000
52321044
00000000
00000000
00000000
52725044
00000000
00000000
00000000
52b29044
00000000
00000000
00000000
52f2d044
00000000
00000000
00000000
53331044
00000000
00000000
00000000
53735044
00000000
00000000
00000000
53b39044
00000000
00000000
00000000
53f3d044
00000000
00000000
00000000
54341044
00000000
00000000
00000000
54745044
00000000
00000000
00000000
54b49044
00000000
00000000
00000000
54f4d044
00000000
00000000
00000000
55351044
00000000
00000000
00000000
55755044
00000000
00000000
00000000
55b59044
00000000
00000000
00000000
55f5d044
00000000
00000000
00000000
56361044
00000000
00000000
00000000
56765044
00000000
00000000
00000000
56b69044
00000000
00000000
00000000
56f6d044
00000000
00000000
00000000
57371044
00000000
00000000
00000000
57775044
00000000
00000000
00000000
57b79044
00000000
00000000
00000000
57f7d044
00000000
00000000
00000000
58381044
00000000
00000000
00000000
58785044
00000000
00000000
00000000
58b89044
00000000
00000000
00000000
58f8d044
00000000
00000000
00000000
59391044
00000000
00000000
00000000
59795044
00000000
00000000
00000000
59b99044
00000000
00000000
00000000
59f9d044
00000000
00000000
00000000
5a3a1044
00000000
00000000
00000000
5a7a5044
00000000
00000000
00000000
5aba9044
00000000
00000000
00000000
5afad044
00000000
00000000
00000000
5b3b1044
00000000
00000000
00000000
5b7b5044
00000000
00000000
00000000
5bbb9044
00000000
00000000
00000000
5bfbd044
00000000
00000000
00000000
5c3c1044
00000000
00000000
00000000
5c7c5044
00000000
00000000
00000000
5cbc9044
00000000
00000000
00000000
5cfcd044
00000000
00000000
00000000
5d3d1044
00000000
00000000
00000000
5d7d5044
00000000
00000000
00000000
5dbd9044
00000000
00000000
00000000
5dfdd044
00000000
00000000
00000000
5e3e1044
00000000
00000000
00000000
5e7e5044
00000000
00000000
00000000
5ebe9044
00000000
00000000
00000000
5efed044
00000000
00000000
00000000
5f3f1044
00000000
00000000
00000000
5f7f5044
00000000
00000000
00000000
5fbf9044
00000000
00000000
00000000
5fffd044
00000000
00000000
00000000
40201044
00000000
00000000
00000000
40605044
00000000
00000000
00000000
40a09044
00000000
00000000
00000000
40e0d044
00000000
00000000
00000000
41211044
00000000
00000000
00000000
41615044
00000000
00000000
00000000
41a19044
00000000
00000000
00000000
41e1d044
00000000
00000000
00000000
42221044
00000000
00000000
00000000
42625044
00000000
00000000
00000000
42a29044
00000000
00000000
00000000
42e2d044
00000000
00000000
00000000
43231044
00000000
00000000
00000000
43635044
00000000
00000000
00000000
43a39044
00000000
00000000
00000000
43e3d044
00000000
00000000
00000000
44241044
00000000
00000000
00000000
44645044
00000000
00000000
00000000
44a49044
00000000
00000000
00000000
44e4d044
00000000
00000000
00000000
45251044
00000000
00000000
00000000
45655044
00000000
00000000
00000000
45a59044
00000000
00000000
00000000
45e5d044
00000000
00000000
00000000
46261044
00000000
00000000
00000000
46665044
00000000
00000000
00000000
46a69044
00000000
00000000
00000000
46e6d044
00000000
00000000
00000000
47271044
00000000
00000000
00000000
47675044
00000000
00000000
00000000
47a79044
00000000
00000000
00000000
47e7d044
00000000
00000000
00000000
48281044
00000000
00000000
00000000
48685044
00000000
00000000
00000000
48a89044
00000000
00000000
00000000
48e8d044
00000000
00000000
00000000
49291044
00000000
00000000
00000000
49695044
00000000
00000000
00000000
49a99044
00000000
00000000
00000000
49e9d044
00000000
00000000
00000000
4a2a1044
00000000
00000000
00000000
4a6a5044
00000000
00000000
00000000
4aaa9044
00000000
00000000
00000000
4aead044
00000000
00000000
00000000
4b2b1044
00000000
00000000
00000000
4b6b5044
00000000
00000000
00000000
4bab9044
00000000
00000000
00000000
4bebd044
00000000
00000000
00000000
4c2c1044
00000000
00000000
00000000
4c6c5044
00000000
00000000
00000000
4cac9044
00000000
00000000
00000000
4cecd044
00000000
00000000
00000000
4d2d1044
00000000
00000000
00000000
4d6d5044
00000000
00000000
00000000
4dad9044
00000000
00000000
00000000
4dedd044
00000000
00000000
00000000
4e2e1044
00000000
00000000
00000000
4e6e5044
00000000
00000000
00000000
4eae9044
00000000
00000000
00000000
4eeed044
00000000
00000000
00000000
4f2f1044
00000000
00000000
00000000
4f6f5044
00000000
00000000
00000000
4faf9044
00000000
00000000
00000000
4fefd044
00000000
00000000
00000000
50301044
00000000
00000000
00000000
50705044
00000000
00000000
00000000
50b09044
00000000
00000000
00000000
50f0d044
00000000
00000000
00000000
51311044
00000000
00000000
00000000
51715044
00000000
00000000
00000000
51b19044
00000000
00000000
00000000
51f1d044
00000000
00000000
00000000
52321044
00000000
00000000
00000000
52725044
00000000
00000000
00000000
52b29044
00000000
00000000
00000000
52f2d044
00000000
00000000
00000000
53331044
00000000
00000000
00000000
53735044
00000000
00000000
00000000
53b39044
00000000
00000000
00000000
53f3d044
00000000
00000000
00000000
54341044
00000000
00000000
00000000
54745044
00000000
00000000
00000000
54b49044
00000000
00000000
00000000
54f4d044
00000000
00000000
00000000
55351044
00000000
00000000
00000000
55755044
00000000
00000000
00000000
55b59044
00000000
00000000
00000000
55f5d044
00000000
00000000
00000000
56361044
00000000
00000000
00000000
56765044
00000000
00000000
00000000
56b69044
00000000
00000000
00000000
56f6d044
00000000
00000000
00000000
57371044
00000000
00000000
00000000
57775044
00000000
00000000
00000000
57b79044
00000000
00000000
00000000
57f7d044
00000000
00000000
00000000
58381044
00000000
00000000
00000000
58785044
00000000
00000000
00000000
58b89044
00000000
00000000
00000000
58f8d044
00000000
00000000
00000000
59391044
00000000
00000000
00000000
59795044
00000000
00000000
00000000
59b99044
00000000
00000000
00000000
59f9d044
00000000
00000000
00000000
5a3a1044
00000000
00000000
00000000
5a7a5044
00000000
00000000
00000000
5aba9044
00000000
00000000
00000000
5afad044
00000000
00000000
00000000
5b3b1044
00000000
00000000
00000000
5b7b5044
00000000
00000000
00000000
5bbb9044
00000000
00000000
00000000
5bfbd044
00000000
00000000
00000000
5c3c1044
00000000
00000000
00000000
5c7c5044
00000000
00000000
00000000
5cbc9044
00000000
00000000
00000000
5cfcd044
00000000
00000000
00000000
5d3d1044
00000000
00000000
00000000
5d7d5044
00000000
00000000
00000000
5dbd9044
00000000
00000000
00000000
5dfdd044
00000000
00000000
00000000
5e3e1044
00000000
00000000
00000000
5e7e5044
00000000
00000000
00000000
5ebe9044
00000000
00000000
00000000
5efed044
00000000
00000000
00000000
5f3f1044
00000000
00000000
00000000
5f7f5044
00000000
00000000
00000000
5fbf9044
00000000
00000000
00000000
5fffd044
00000000
00000000
00000000
40201044
00000000
00000000
00000000
40605044
00000000
00000000
00000000
40a09044
00000000
00000000
00000000
40e0d044
00000000
00000000
00000000
41211044
00000000
00000000
00000000
41615044
00000000
00000000
00000000
41a19044
00000000
00000000
00000000
41e1d044
00000000
00000000
00000000
42221044
00000000
00000000
00000000
42625044
00000000
00000000
00000000
42a29044
00000000
00000000
00000000
42e2d044
00000000
00000000
00000000
43231044
00000000
00000000
00000000
43635044
00000000
00000000
00000000
43a39044
00000000
00000000
00000000
43e3d044
00000000
00000000
00000000
44241044
00000000
00000000
00000000
44645044
00000000
00000000
00000000
44a49044
00000000
00000000
00000000
44e4d044
00000000
00000000
00000000
45251044
00000000
00000000
00000000
45655044
00000000
00000000
00000000
45a59044
00000000
00000000
00000000
45e5d044
00000000
00000000
00000000
46261044
00000000
00000000
00000000
46665044
00000000
00000000
00000000
46a69044
00000000
00000000
00000000
46e6d044
00000000
00000000
00000000
47271044
00000000
00000000
00000000
47675044
00000000
00000000
00000000
47a79044
00000000
00000000
00000000
47e7d044
00000000
00000000
00000000
48281044
00000000
00000000
00000000
48685044
00000000
00000000
00000000
48a89044
00000000
00000000
00000000
48e8d044
00000000
00000000
00000000
49291044
00000000
00000000
00000000
49695044
00000000
00000000
00000000
49a99044
00000000
00000000
00000000
49e9d044
00000000
00000000
00000000
4a2a1044
00000000
00000000
00000000
4a6a5044
00000000
00000000
00000000
4aaa9044
00000000
00000000
00000000
4aead044
00000000
00000000
00000000
4b2b1044
00000000
00000000
00000000
4b6b5044
00000000
00000000
00000000
4bab9044
00000000
00000000
00000000
4bebd044
00000000
00000000
00000000
4c2c1044
00000000
00000000
00000000
4c6c5044
00000000
00000000
00000000
4cac9044
00000000
00000000
00000000
4cecd044
00000000
00000000
00000000
4d2d1044
00000000
00000000
00000000
4d6d5044
00000000
00000000
00000000
4dad9044
00000000
00000000
00000000
4dedd044
00000000
00000000
00000000
4e2e1044
00000000
00000000
00000000
4e6e5044
00000000
00000000
00000000
4eae9044
00000000
00000000
00000000
4eeed044
00000000
00000000
00000000
4f2f1044
00000000
00000000
00000000
4f6f5044
00000000
00000000
00000000
4faf9044
00000000
00000000
00000000
4fefd044
00000000
00000000
00000000
50301044
00000000
00000000
00000000
50705044
00000000
00000000
00000000
50b09044
00000000
00000000
00000000
50f0d044
00000000
00000000
00000000
51311044
00000000
00000000
00000000
51715044
00000000
00000000
00000000
51b19044
00000000
00000000
00000000
51f1d044
00000000
00000000
00000000
52321044
00000000
00000000
00000000
52725044
00000000
00000000
00000000
52b29044
00000000
00000000
00000000
52f2d044
00000000
00000000
00000000
53331044
00000000
00000000
00000000
53735044
00000000
00000000
00000000
53b39044
00000000
00000000
00000000
53f3d044
00000000
00000000
00000000
54341044
00000000
00000000
00000000
54745044
00000000
00000000
00000000
54b49044
00000000
00000000
00000000
54f4d044
00000000
00000000
00000000
55351044
00000000
00000000
00000000
55755044
00000000
00000000
00000000
55b59044
00000000
00000000
00000000
55f5d044
00000000
00000000
00000000
56361044
00000000
00000000
00000000
56765044
00000000
00000000
00000000
56b69044
00000000
00000000
00000000
56f6d044
00000000
00000000
00000000
57371044
00000000
00000000
00000000
57775044
00000000
00000000
00000000
57b79044
00000000
00000000
00000000
57f7d044
00000000
00000000
00000000
58381044
00000000
00000000
00000000
58785044
00000000
00000000
00000000
58b89044
00000000
00000000
00000000
58f8d044
00000000
00000000
00000000
59391044
00000000
00000000
00000000
59795044
00000000
00000000
00000000
59b99044
00000000
00000000
00000000
59f9d044
00000000
00000000
00000000
5a3a1044
00000000
00000000
00000000
5a7a5044
00000000
00000000
00000000
5aba9044
00000000
00000000
00000000
5afad044
00000000
00000000
00000000
5b3b1044
00000000
00000000
00000000
5b7b5044
00000000
00000000
00000000
5bbb9044
00000000
00000000
00000000
5bfbd044
00000000
00000000
00000000
5c3c1044
00000000
00000000
00000000
5c7c5044
00000000
00000000
00000000
5cbc9044
00000000
00000000
00000000
5cfcd044
00000000
00000000
00000000
5d3d1044
00000000
00000000
00000000
5d7d5044
00000000
00000000
00000000
5dbd9044
00000000
00000000
00000000
5dfdd044
00000000
00000000
00000000
5e3e1044
00000000
00000000
00000000
5e7e5044
00000000
00000000
00000000
5ebe9044
00000000
00000000
00000000
5efed044
00000000
00000000
00000000
5f3f1044
00000000
00000000
00000000
5f7f5044
00000000
00000000
00000000
5fbf9044
00000000
00000000
00000000
5fffd044
00000000
00000000
00000000
40201044
00000000
00000000
00000000
40605044
00000000
00000000
00000000
40a09044
00000000
00000000
00000000
40e0d044
00000000
00000000
00000000
41211044
00000000
00000000
00000000
41615044
00000000
00000000
00000000
41a19044
00000000
00000000
00000000
41e1d044
00000000
00000000
00000000
42221044
00000000
00000000
00000000
42625044
00000000
00000000
00000000
42a29044
00000000
00000000
00000000
42e2d044
00000000
00000000
00000000
43231044
00000000
00000000
00000000
43635044
00000000
00000000
00000000
43a39044
00000000
00000000
00000000
43e3d044
00000000
00000000
00000000
44241044
00000000
00000000
00000000
44645044
00000000
00000000
00000000
44a49044
00000000
00000000
00000000
44e4d044
00000000
00000000
00000000
45251044
00000000
00000000
00000000
45655044
00000000
00000000
00000000
45a59044
00000000
00000000
00000000
45e5d044
00000000
00000000
00000000
46261044
00000000
00000000
00000000
46665044
00000000
00000000
00000000
46a69044
00000000
00000000
00000000
46e6d044
00000000
00000000
00000000
47271044
00000000
00000000
00000000
47675044
00000000
00000000
00000000
47a79044
00000000
00000000
00000000
47e7d044
00000000
00000000
00000000
48281044
00000000
00000000
00000000
48685044
00000000
00000000
00000000
48a89044
00000000
00000000
00000000
48e8d044
00000000
00000000
00000000
49291044
00000000
00000000
00000000
49695044
00000000
00000000
00000000
49a99044
00000000
00000000
00000000
49e9d044
00000000
00000000
00000000
4a2a1044
00000000
00000000
00000000
4a6a5044
00000000
00000000
00000000
4aaa9044
00000000
00000000
00000000
4aead044
00000000
00000000
00000000
4b2b1044
00000000
00000000
00000000
4b6b5044
00000000
00000000
00000000
4bab9044
00000000
00000000
00000000
4bebd044
00000000
00000000
00000000
4c2c1044
00000000
00000000
00000000
4c6c5044
00000000
00000000
00000000
4cac9044
00000000
00000000
00000000
4cecd044
00000000
00000000
00000000
4d2d1044
00000000
00000000
00000000
4d6d5044
00000000
00000000
00000000
4dad9044
00000000
00000000
00000000
4dedd044
00000000
00000000
00000000
4e2e1044
00000000
00000000
00000000
4e6e5044
00000000
00000000
00000000
4eae9044
00000000
00000000
00000000
4eeed044
00000000
00000000
00000000
4f2f1044
00000000
00000000
00000000
4f6f5044
00000000
00000000
00000000
4faf9044
00000000
00000000
00000000
4fefd044
00000000
00000000
00000000
50301044
00000000
00000000
00000000
50705044
00000000
00000000
00000000
50b09044
00000000
00000000
00000000
50f0d044
00000000
00000000
00000000
51311044
00000000
00000000
00000000
51715044
00000000
00000000
00000000
51b19044
00000000
00000000
00000000
51f1d044
00000000
00000000
00000000
52321044
00000000
00000000
00000000
52725044
00000000
00000000
00000000
52b29044
00000000
00000000
00000000
52f2d044
00000000
00000000
00000000
53331044
00000000
00000000
00000000
53735044
00000000
00000000
00000000
53b39044
00000000
00000000
00000000
53f3d044
00000000
00000000
00000000
54341044
00000000
00000000
00000000
54745044
00000000
00000000
00000000
54b49044
00000000
00000000
00000000
54f4d044
00000000
00000000
00000000
55351044
00000000
00000000
00000000
55755044
00000000
00000000
00000000
55b59044
00000000
00000000
00000000
55f5d044
00000000
00000000
00000000
56361044
00000000
00000000
00000000
56765044
00000000
00000000
00000000
56b69044
00000000
00000000
00000000
56f6d044
00000000
00000000
00000000
57371044
00000000
00000000
00000000
57775044
00000000
00000000
00000000
57b79044
00000000
00000000
00000000
57f7d044
00000000
00000000
00000000
58381044
00000000
00000000
00000000
58785044
00000000
00000000
00000000
58b89044
00000000
00000000
00000000
58f8d044
00000000
00000000
00000000
59391044
00000000
00000000
00000000
59795044
00000000
00000000
00000000
59b99044
00000000
00000000
00000000
59f9d044
00000000
00000000
00000000
5a3a1044
00000000
00000000
00000000
5a7a5044
00000000
00000000
00000000
5aba9044
00000000
00000000
00000000
5afad044
00000000
00000000
00000000
5b3b1044
00000000
00000000
00000000
5b7b5044
00000000
00000000
00000000
5bbb9044
00000000
00000000
00000000
5bfbd044
00000000
00000000
00000000
5c3c1044
00000000
00000000
00000000
5c7c5044
00000000
00000000
00000000
5cbc9044
00000000
00000000
00000000
5cfcd044
00000000
00000000
00000000
5d3d1044
00000000
00000000
00000000
5d7d5044
00000000
00000000
00000000
5dbd9044
00000000
00000000
00000000
5dfdd044
00000000
00000000
00000000
5e3e1044
00000000
00000000
00000000
5e7e5044
00000000
00000000
00000000
5ebe9044
00000000
00000000
00000000
5efed044
00000000
00000000
00000000
5f3f1044
00000000
00000000
00000000
5f7f5044
00000000
00000000
00000000
5fbf9044
00000000
00000000
00000000
5fffd044
00000000
00000000
00000000
40201044
00000000
00000000
00000000
40605044
00000000
00000000
00000000
40a09044
00000000
00000000
00000000
40e0d044
00000000
00000000
00000000
41211044
00000000
00000000
00000000
41615044
00000000
00000000
00000000
41a19044
00000000
00000000
00000000
41e1d044
00000000
00000000
00000000
42221044
00000000
00000000
00000000
42625044
00000000
00000000
00000000
42a29044
00000000
00000000
00000000
42e2d044
00000000
00000000
00000000
43231044
00000000
00000000
00000000
43635044
00000000
00000000
00000000
43a39044
00000000
00000000
00000000
43e3d044
00000000
00000000
00000000
44241044
00000000
00000000
00000000
44645044
00000000
00000000
00000000
44a49044
00000000
00000000
00000000
44e4d044
00000000
00000000
00000000
45251044
00000000
00000000
00000000
45655044
00000000
00000000
00000000
45a59044
00000000
00000000
00000000
45e5d044
00000000
00000000
00000000
46261044
00000000
00000000
00000000
46665044
00000000
00000000
00000000
46a69044
00000000
00000000
00000000
46e6d044
00000000
00000000
00000000
47271044
00000000
00000000
00000000
47675044
00000000
00000000
00000000
47a79044
00000000
00000000
00000000
47e7d044
00000000
00000000
00000000
48281044
00000000
00000000
00000000
48685044
00000000
00000000
00000000
48a89044
00000000
00000000
00000000
48e8d044
00000000
00000000
00000000
49291044
00000000
00000000
00000000
49695044
00000000
00000000
00000000
49a99044
00000000
00000000
00000000
49e9d044
00000000
00000000
00000000
4a2a1044
00000000
00000000
00000000
4a6a5044
00000000
00000000
00000000
4aaa9044
00000000
00000000
00000000
4aead044
00000000
00000000
00000000
4b2b1044
00000000
00000000
00000000
4b6b5044
00000000
00000000
00000000
4bab9044
00000000
00000000
00000000
4bebd044
00000000
00000000
00000000
4c2c1044
00000000
00000000
00000000
4c6c5044
00000000
00000000
00000000
4cac9044
00000000
00000000
00000000
4cecd044
00000000
00000000
00000000
4d2d1044
00000000
00000000
00000000
4d6d5044
00000000
00000000
00000000
4dad9044
00000000
00000000
00000000
4dedd044
00000000
00000000
00000000
4e2e1044
00000000
00000000
00000000
4e6e5044
00000000
00000000
00000000
4eae9044
00000000
00000000
00000000
4eeed044
00000000
00000000
00000000
4f2f1044
00000000
00000000
00000000
4f6f5044
00000000
00000000
00000000
4faf9044
00000000
00000000
00000000
4fefd044
00000000
00000000
00000000
50301044
00000000
00000000
00000000
50705044
00000000
00000000
00000000
50b09044
00000000
00000000
00000000
50f0d044
00000000
00000000
00000000
51311044
00000000
00000000
00000000
51715044
00000000
00000000
00000000
51b19044
00000000
00000000
00000000
51f1d044
00000000
00000000
00000000
52321044
00000000
00000000
00000000
52725044
00000000
00000000
00000000
52b29044
00000000
00000000
00000000
52f2d044
00000000
00000000
00000000
53331044
00000000
00000000
00000000
53735044
00000000
00000000
00000000
53b39044
00000000
00000000
00000000
53f3d044
00000000
00000000
00000000
54341044
00000000
00000000
00000000
54745044
00000000
00000000
00000000
54b49044
00000000
00000000
00000000
54f4d044
00000000
00000000
00000000
55351044
00000000
00000000
00000000
55755044
00000000
00000000
00000000
55b59044
00000000
00000000
00000000
55f5d044
00000000
00000000
00000000
56361044
00000000
00000000
00000000
56765044
00000000
00000000
00000000
56b69044
00000000
00000000
00000000
56f6d044
00000000
00000000
00000000
57371044
00000000
00000000
00000000
57775044
00000000
00000000
00000000
57b79044
00000000
00000000
00000000
57f7d044
00000000
00000000
00000000
58381044
00000000
00000000
00000000
58785044
00000000
00000000
00000000
58b89044
00000000
00000000
00000000
58f8d044
00000000
00000000
00000000
59391044
00000000
00000000
00000000
59795044
00000000
00000000
00000000
59b99044
00000000
00000000
00000000
59f9d044
00000000
00000000
00000000
5a3a1044
00000000
00000000
00000000
5a7a5044
00000000
00000000
00000000
5aba9044
00000000
00000000
00000000
5afad044
00000000
00000000
00000000
5b3b1044
00000000
00000000
00000000
5b7b5044
00000000
00000000
00000000
5bbb9044
00000000
00000000
00000000
5bfbd044
00000000
00000000
00000000
5c3c1044
00000000
00000000
00000000
5c7c5044
00000000
00000000
00000000
5cbc9044
00000000
00000000
00000000
5cfcd044
00000000
00000000
00000000
5d3d1044
00000000
00000000
00000000
5d7d5044
00000000
00000000
00000000
5dbd9044
00000000
00000000
00000000
5dfdd044
00000000
00000000
00000000
5e3e1044
00000000
00000000
00000000
5e7e5044
00000000
00000000
00000000
5ebe9044
00000000
00000000
00000000
5efed044
00000000
00000000
00000000
5f3f1044
00000000
00000000
00000000
5f7f5044
00000000
00000000
00000000
5fbf9044
00000000
00000000
00000000
5fffd044
00000000
00000000
00000000
40201044
00000000
00000000
00000000
40605044
00000000
00000000
00000000
40a09044
00000000
00000000
00000000
40e0d044
00000000
00000000
00000000
41211044
00000000
00000000
00000000
41615044
00000000
00000000
00000000
41a19044
00000000
00000000
00000000
41e1d044
00000000
00000000
00000000
42221044
00000000
00000000
00000000
42625044
00000000
00000000
00000000
42a29044
00000000
00000000
00000000
42e2d044
00000000
00000000
00000000
43231044
00000000
00000000
00000000
43635044
00000000
00000000
00000000
43a39044
00000000
00000000
00000000
43e3d044
00000000
00000000
00000000
44241044
00000000
00000000
00000000
44645044
00000000
00000000
00000000
44a49044
00000000
00000000
00000000
44e4d044
00000000
00000000
00000000
45251044
00000000
00000000
00000000
45655044
00000000
00000000
00000000
45a59044
00000000
00000000
00000000
45e5d044
00000000
00000000
00000000
46261044
00000000
00000000
00000000
46665044
00000000
00000000
00000000
46a69044
00000000
00000000
00000000
46e6d044
00000000
00000000
00000000
47271044
00000000
00000000
00000000
47675044
00000000
00000000
00000000
47a79044
00000000
00000000
00000000
47e7d044
00000000
00000000
00000000
48281044
00000000
00000000
00000000
48685044
00000000
00000000
00000000
48a89044
00000000
00000000
00000000
48e8d044
00000000
00000000
00000000
49291044
00000000
00000000
00000000
49695044
00000000
00000000
00000000
49a99044
00000000
00000000
00000000
49e9d044
00000000
00000000
00000000
4a2a1044
00000000
00000000
00000000
4a6a5044
00000000
00000000
00000000
4aaa9044
00000000
00000000
00000000
4aead044
00000000
00000000
00000000
4b2b1044
00000000
00000000
00000000
4b6b5044
00000000
00000000
00000000
4bab9044
00000000
00000000
00000000
4bebd044
00000000
00000000
00000000
4c2c1044
00000000
00000000
00000000
4c6c5044
00000000
00000000
00000000
4cac9044
00000000
00000000
00000000
4cecd044
00000000
00000000
00000000
4d2d1044
00000000
00000000
00000000
4d6d5044
00000000
00000000
00000000
4dad9044
00000000
00000000
00000000
4dedd044
00000000
00000000
00000000
4e2e1044
00000000
00000000
00000000
4e6e5044
00000000
00000000
00000000
4eae9044
00000000
00000000
00000000
4eeed044
00000000
00000000
00000000
4f2f1044
00000000
00000000
00000000
4f6f5044
00000000
00000000
00000000
4faf9044
00000000
00000000
00000000
4fefd044
00000000
00000000
00000000
50301044
00000000
00000000
00000000
50705044
00000000
00000000
00000000
50b09044
00000000
00000000
00000000
50f0d044
00000000
00000000
00000000
51311044
00000000
00000000
00000000
51715044
00000000
00000000
00000000
51b19044
00000000
00000000
00000000
51f1d044
00000000
00000000
00000000
52321044
00000000
00000000
00000000
52725044
00000000
00000000
00000000
52b29044
00000000
00000000
00000000
52f2d044
00000000
00000000
00000000
53331044
00000000
00000000
00000000
53735044
00000000
00000000
00000000
53b39044
00000000
00000000
00000000
53f3d044
00000000
00000000
00000000
54341044
00000000
00000000
00000000
54745044
00000000
00000000
00000000
54b49044
00000000
00000000
00000000
54f4d044
00000000
00000000
00000000
55351044
00000000
00000000
00000000
55755044
00000000
00000000
00000000
55b59044
00000000
00000000
00000000
55f5d044
00000000
00000000
00000000
56361044
00000000
00000000
00000000
56765044
00000000
00000000
00000000
56b69044
00000000
00000000
00000000
56f6d044
00000000
00000000
00000000
57371044
00000000
00000000
00000000
57775044
00000000
00000000
00000000
57b79044
00000000
00000000
00000000
57f7d044
00000000
00000000
00000000
58381044
00000000
00000000
00000000
58785044
00000000
00000000
00000000
58b89044
00000000
00000000
00000000
58f8d044
00000000
00000000
00000000
59391044
00000000
00000000
00000000
59795044
00000000
00000000
00000000
59b99044
00000000
00000000
00000000
59f9d044
00000000
00000000
00000000
5a3a1044
00000000
00000000
00000000
5a7a5044
00000000
00000000
00000000
5aba9044
00000000
00000000
00000000
5afad044
00000000
00000000
00000000
5b3b1044
00000000
00000000
00000000
5b7b5044
00000000
00000000
00000000
5bbb9044
00000000
00000000
00000000
5bfbd044
00000000
00000000
00000000
5c3c1044
00000000
00000000
00000000
5c7c5044
00000000
00000000
00000000
5cbc9044
00000000
00000000
00000000
5cfcd044
00000000
00000000
00000000
5d3d1044
00000000
00000000
00000000
5d7d5044
00000000
00000000
00000000
5dbd9044
00000000
00000000
00000000
5dfdd044
00000000
00000000
00000000
5e3e1044
00000000
00000000
00000000
5e7e5044
00000000
00000000
00000000
5ebe9044
00000000
00000000
00000000
5efed044
00000000
00000000
00000000
5f3f1044
00000000
00000000
00000000
5f7f5044
00000000
00000000
00000000
5fbf9044
00000000
00000000
00000000
5fffd044
00000000
00000000
00000000
00000000
00000000
00000000
00000000
00000000
00000000
00000000
00000000
00000000
00000000
00000000
00000000
00000000
00000000
00000000
00000000
00000000
00000000
00000000
00000000
00000000
