000000000
000000000
000000000
000000000
000000000
000000000
000000000
000000000
000000000
000000000
000000000
000000000
000000000
000000000
000000000
000000000
000000000
000000000
000000000
000000000
000000000
000000000
000000000
000000000
000000000
000000000
000000000
000000000
000000000
000000000
000000000
000000000
000000000
000000000
000000000
000000000
000000000
000000000
000000000
000000000
000000000
000000000
000000000
000000000
000000000
000000000
000000000
000000000
000000000
000000000
000000000
000000000
000000000
000000000
000000000
000000000
000000000
000000000
000000000
000000000
000000000
000000000
000000000
000000000
000000000
000000000
000000000
000000000
000000000
000000000
000000000
000000000
000000000
000000000
000000000
000000000
000000000
000000000
000000000
000000000
000000000
000000000
000000000
000000000
000000000
000000000
000000000
000000000
000000000
000000000
000000000
000000000
000000000
000000000
000000000
000000000
000000000
000000000
000000000
000000000
000000000
000000000
000000000
000000000
000000000
000000000
000000000
000000000
000000000
000000000
000000000
000000000
000000000
000000000
000000000
000000000
000000000
000000000
000000000
000000000
000000000
000000000
000000000
000000000
000000000
000000000
000000000
000000000
000000000
000000000
000000000
000000000
000000000
000000000
000000000
000000000
000000000
000000000
000000000
000000000
000000000
000000000
000000000
000000000
000000000
000000000
000000000
000000000
000000000
000000000
000000000
000000000
000000000
000000000
000000000
000000000
000000000
000000000
000000000
000000000
000000000
000000000
000000000
000000000
000000000
000000000
000000000
000000000
000000000
000000000
000000000
000000000
000000000
000000000
000000000
000000000
000000000
000000000
000000000
000000000
000000000
000001053
000000047
000000000
000000000
000000000
000000000
00000205f
000000000
000000000
000000000
00000308f
000000000
000000000
000000000
000000000
00000409b
000000000
0000050a7
000000000
0000060d7
0000070e3
000000000
0000080ef
000000000
000000000
000000000
000000000
000000000
000000000
00000911f
000000000
000000000
000000000
000000000
000000000
000000000
000000000
000000000
00000a12b
000000000
00000b137
00000c167
00000d173
000000000
00000e17f
000000000
000000000
000000000
00000f1af
000000000
000000000
000000000
000000000
000000000
000000000
0000101bb
000000000
000000000
000000000
000000000
000000000
000000000
0000111c7
0000121f7
000013203
000000000
00001420f
000000000
00001624b
00001523f
000000000
000000000
000000000
000000000
000000000
000000000
000017257
000000000
000000000
000000000
000000000
000000000
000000000
000000000
000018287
000000000
000019293
00001a29f
00001b2cf
000000000
00001c2db
000000000
00001d2e7
000000000
000000000
000000000
000000000
000000000
000000000
000000000
000000000
000000000
000000000
000000000
000000000
000000000
000000000
000000000
000000000
000000000
000000000
000000000
000000000
000000000
000000000
000000000
000000000
000000000
000000000
000000000
000000000
000000000
000000000
000000000
000000000
000000000
000000000
000000000
000000000
000000000
000000000
000000000
000000000
000000000
000000000
000000000
000000000
000000000
000000000
000000000
000000000
000000000
000000000
000000000
000000000
000000000
000000000
000000000
000000000
000000000
000000000
000000000
000000000
000000000
000000000
000000000
000000000
000000000
000000000
000000000
000000000
000000000
000000000
000000000
000000000
000000000
000000000
000000000
000000000
000000000
000000000
000000000
000000000
000000000
000000000
000000000
000000000
000000000
000000000
000000000
000000000
000000000
000000000
000000000
000000000
000000000
000000000
000000000
000000000
000000000
000000000
000000000
000000000
000000000
000000000
000000000
000000000
000000000
000000000
000000000
000000000
000000000
00001e317
000000000
000000000
000000000
00001f323
000000000
000000000
000000000
000000000
000000000
00002032f
000000000
000000000
000000000
000000000
000000000
000000000
00002135f
000000000
000000000
000000000
00002236b
000000000
000000000
000000000
000023377
000000000
0000243a7
000000000
000000000
000000000
000000000
000000000
000000000
000000000
000000000
0000253b3
0000263bf
000000000
000000000
000000000
000000000
000000000
000000000
000000000
000000000
000000000
000000000
000000000
000000000
000000000
000000000
000000000
000000000
0000273ef
000000000
0000283fb
000000000
00002b05b
00002901f
00002a04f
00002c067
000000000
000000000
000000000
000000000
000000000
00002d097
000000000
000000000
000000000
000000000
000000000
000000000
000000000
000000000
00002e0a3
00002f0af
000000000
0000300df
0000310eb
000000000
0000320f7
000000000
000000000
000000000
000000000
000000000
000033127
000000000
000000000
000000000
000000000
000034133
000000000
000000000
000000000
000000000
000000000
000000000
00003513f
000000000
00003616f
00003717b
000000000
000000000
000000000
000038187
000000000
000000000
000000000
000000000
000000000
000000000
000000000
000000000
000000000
000000000
000000000
000000000
000000000
000000000
000000000
000000000
0000391b7
000000000
000000000
000000000
000000000
000000000
000000000
000000000
000000000
000000000
00003a1c3
000000000
00003b1cf
000000000
000000000
000000000
000000000
000000000
000000000
000000000
000000000
00003c1ff
000000000
00003d20b
000000000
000000000
000000000
00003e217
000000000
000000000
000000000
000000000
000000000
000000000
000000000
000000000
000000000
000000000
000000000
000000000
000000000
000000000
000000000
000000000
000000000
000000000
000000000
000000000
000000000
000000000
000000000
000000000
000000000
000000000
000000000
000000000
000000000
000000000
000000000
000000000
000000000
000000000
000000000
000000000
000000000
000000000
000000000
000000000
000000000
000000000
000000000
000000000
000000000
000000000
000000000
000000000
000000000
000000000
000000000
000000000
000000000
000000000
000000000
000000000
000000000
000000000
000000000
000000000
000000000
000000000
000000000
000000000
000000000
00003f247
000000000
000000000
000000000
000000000
000000000
000000000
000000000
000040253
000000000
000000000
000000000
00004125f
000000000
000000000
000000000
000000000
000000000
000000000
000000000
000000000
000000000
00004228f
000000000
000000000
00004329b
0000442a7
000000000
000000000
000000000
000000000
000000000
000000000
000000000
000000000
000000000
000000000
000000000
000000000
000000000
000000000
000000000
000000000
0000452d7
000000000
0000462e3
000000000
0000472ef
000000000
000000000
000000000
000000000
000000000
000000000
000000000
00004831f
000000000
000000000
000000000
00004932b
00004a337
000000000
000000000
00004b367
000000000
000000000
000000000
000000000
000000000
000000000
000000000
00004c373
000000000
000000000
000000000
00004d37f
000000000
000000000
000000000
000000000
000000000
000000000
000000000
000000000
000000000
000000000
000000000
000000000
000000000
00004e3af
000000000
000000000
0000503c7
00004f3bb
000000000
000000000
000000000
000000000
0000513f7
000000000
000000000
000000000
000000000
000000000
000000000
000000000
000000000
000000000
000000000
000000000
000000000
000000000
00005201b
000053027
000000000
000054057
000055063
00005606f
000000000
000000000
000000000
000000000
000000000
000000000
000000000
000000000
000000000
000000000
000000000
000000000
000000000
000000000
00005709f
000000000
0000580ab
000000000
000000000
000000000
000000000
0000590b7
000000000
000000000
000000000
000000000
000000000
000000000
000000000
000000000
000000000
000000000
000000000
000000000
000000000
000000000
000000000
00005a0e7
000000000
000000000
000000000
000000000
00005b0f3
00005c0ff
000000000
000000000
000000000
000000000
000000000
000000000
000000000
000000000
000000000
000000000
000000000
000000000
000000000
000000000
000000000
000000000
000000000
000000000
000000000
000000000
000000000
00005d12f
000000000
00005e13b
00005f147
000000000
000000000
000000000
000000000
000000000
000000000
000000000
000000000
000000000
000000000
000000000
000000000
000000000
000000000
000000000
000000000
000000000
000000000
000000000
000000000
000000000
000000000
000000000
000000000
000000000
000000000
000000000
000000000
000000000
000000000
000000000
000000000
000000000
000000000
000000000
000000000
000060177
000000000
000000000
000061183
000000000
00006218f
000000000
000000000
000000000
000000000
000000000
000000000
000000000
000000000
000000000
000000000
0000631bf
000000000
000000000
000000000
000000000
000000000
000000000
000000000
0000641cb
000000000
000000000
000000000
000000000
0000651d7
000000000
000000000
000000000
000000000
000000000
000000000
000000000
000000000
000000000
000000000
000000000
000000000
000000000
000000000
000000000
000000000
000000000
000000000
000000000
000066207
000067213
000000000
000000000
000000000
000000000
000000000
00006821f
000000000
00006924f
00006a25b
000000000
000000000
000000000
00006b267
000000000
000000000
000000000
000000000
000000000
00006c297
000000000
000000000
000000000
000000000
00006d2a3
00006e2af
000000000
000000000
000000000
000000000
000000000
000000000
000000000
00006f2df
000000000
0000702eb
000000000
000000000
000000000
0000712f7
000000000
000000000
000000000
000000000
000000000
000000000
000000000
000000000
000000000
000000000
000000000
000000000
000000000
000000000
000000000
000000000
000000000
000000000
000000000
000000000
000000000
000000000
000000000
000000000
000000000
000000000
000000000
000000000
000000000
000000000
000072327
000000000
000000000
000073333
000000000
000000000
000000000
000000000
000000000
000000000
000000000
000000000
00007637b
00007433f
00007536f
000000000
000000000
000000000
000000000
000000000
000077387
000000000
000000000
000000000
000000000
000000000
000000000
000000000
000000000
000000000
000000000
000000000
000000000
000000000
000000000
000000000
000000000
000000000
000000000
0000783b7
000000000
000000000
000000000
000000000
000000000
000000000
000000000
000000000
000000000
000000000
000000000
0000793c3
00007a3cf
000000000
000000000
000000000
000000000
000000000
000000000
000000000
000000000
000000000
000000000
000000000
000000000
000000000
000000000
000000000
000000000
00007b3ff
000000000
000000000
000000000
00007c023
00007d02f
000000000
000000000
000000000
000000000
000000000
000000000
000000000
000000000
000000000
00007e05f
00007f06b
000000000
000000000
000000000
000080077
000000000
000000000
000000000
000000000
000000000
000000000
0000810a7
000000000
000000000
000000000
0000820b3
000000000
0000830bf
000000000
000000000
000000000
000000000
000000000
000000000
000000000
000000000
000000000
000000000
000000000
000000000
000000000
000000000
000000000
000000000
000000000
000000000
000000000
000000000
000000000
000000000
000000000
0000840ef
000000000
000000000
000086107
000000000
000000000
000000000
000000000
0000850fb
000000000
000000000
000000000
000000000
000000000
000000000
000000000
000000000
000000000
000087137
000000000
000000000
000000000
000000000
000000000
000000000
000000000
000000000
000000000
000000000
000000000
000088143
000000000
000000000
000000000
000000000
000000000
000000000
000000000
000000000
00008914f
00008a17f
000000000
000000000
000000000
00008c197
00008b18b
000000000
000000000
000000000
000000000
000000000
000000000
000000000
000000000
000000000
000000000
000000000
000000000
000000000
000000000
000000000
000000000
000000000
000000000
000000000
000000000
000000000
000000000
000000000
00008d1c7
000000000
000000000
000000000
000000000
000000000
000000000
000000000
000000000
00008e1d3
000000000
00008f1df
000000000
000000000
000000000
000000000
000000000
000000000
00009020f
000000000
00009121b
000000000
000092227
000000000
000000000
000000000
000000000
000000000
000000000
000000000
000000000
000000000
000000000
000000000
000000000
000093257
00009526f
000094263
000000000
000000000
000000000
000000000
000000000
000000000
000000000
000000000
000000000
000000000
000000000
000000000
00009629f
000000000
000000000
000000000
000000000
000000000
000000000
000000000
000000000
0000972ab
000000000
000000000
0000982b7
000000000
000000000
000000000
000000000
000000000
000000000
000000000
000000000
000000000
000000000
000000000
000000000
000000000
000000000
000000000
000000000
0000992e7
000000000
000000000
000000000
00009b2ff
00009a2f3
00009c32f
000000000
000000000
000000000
000000000
00009d33b
000000000
000000000
000000000
000000000
00009e347
000000000
000000000
000000000
000000000
000000000
000000000
000000000
000000000
000000000
000000000
000000000
000000000
000000000
000000000
000000000
000000000
000000000
000000000
000000000
000000000
000000000
000000000
000000000
000000000
000000000
00009f377
000000000
000000000
000000000
000000000
000000000
000000000
0000a0383
000000000
000000000
000000000
000000000
000000000
0000a138f
000000000
000000000
000000000
000000000
000000000
000000000
000000000
000000000
000000000
000000000
0000a23bf
000000000
000000000
000000000
0000a33cb
0000a43d7
000000000
000000000
000000000
000000000
000000000
000000000
000000000
000000000
000000000
0000a501f
000000000
000000000
0000a602b
000000000
000000000
000000000
000000000
0000a7037
000000000
000000000
000000000
000000000
000000000
000000000
000000000
000000000
000000000
000000000
000000000
000000000
000000000
000000000
000000000
000000000
000000000
000000000
000000000
0000a8067
000000000
000000000
000000000
000000000
000000000
000000000
0000a9073
000000000
000000000
000000000
0000aa07f
000000000
000000000
000000000
000000000
000000000
000000000
000000000
0000ab0af
000000000
000000000
000000000
0000ac0bb
0000ad0c7
000000000
000000000
000000000
000000000
000000000
000000000
000000000
0000ae0f7
000000000
000000000
000000000
0000af103
0000b010f
000000000
000000000
000000000
000000000
000000000
000000000
000000000
000000000
000000000
0000b113f
0000b214b
000000000
000000000
000000000
0000b3157
000000000
000000000
000000000
000000000
000000000
000000000
000000000
000000000
000000000
000000000
000000000
000000000
000000000
000000000
000000000
000000000
000000000
000000000
000000000
000000000
000000000
000000000
000000000
0000b4187
000000000
000000000
0000b5193
0000b619f
000000000
000000000
000000000
000000000
000000000
000000000
000000000
000000000
0000b71cf
0000b81db
0000b91e7
0000ba217
000000000
000000000
000000000
000000000
000000000
000000000
000000000
000000000
0000bb223
0000bc22f
000000000
000000000
000000000
000000000
000000000
000000000
000000000
0000bd25f
0000be26b
0000bf277
000000000
