000000003
000001007
00000200b
00000300f
000004013
000005017
00000601b
00000701f
000008023
000009063
00000a067
00000b06b
00000c0ab
00000d0af
00000e0b3
00000f0f3
0000100f7
0000110fb
00001213b
00001313f
000014143
000015183
000000000
000016187
00001718b
0000181cb
0000191cf
00001a1d3
000000000
00001b213
000000000
00001c217
000000000
00001d21b
000000000
00001e25b
00001f25f
000020263
000000000
000000000
000000000
0000212a3
0000222a7
0000232ab
0000242eb
000000000
000000000
000000000
000000000
0000252ef
000000000
0000262f3
000027333
000000000
000000000
000028337
00002933b
000000000
00002a37b
00002c383
00002b37f
000000000
000000000
000000000
000000000
000000000
000000000
000000000
000000000
000000000
000000000
000000000
000000000
000000000
000000000
000000000
000000000
000000000
000000000
000000000
000000000
000000000
000000000
000000000
000000000
000000000
000000000
000000000
000000000
000000000
000000000
000000000
000000000
000000000
000000000
000000000
000000000
000000000
000000000
000000000
000000000
000000000
000000000
000000000
000000000
000000000
000000000
000000000
000000000
000000000
000000000
000000000
000000000
000000000
000000000
000000000
000000000
000000000
000000000
000000000
000000000
000000000
000000000
000000000
000000000
000000000
000000000
000000000
000000000
000000000
000000000
000000000
000000000
000000000
000000000
000000000
000000000
000000000
000000000
000000000
000000000
000000000
000000000
000000000
000000000
000000000
000000000
000000000
000000000
000000000
000000000
000000000
000000000
000000000
000000000
000000000
000000000
000000000
000000000
000000000
000000000
000000000
000000000
000000000
000000000
000000000
000000000
000000000
000000000
000000000
000000000
000000000
000000000
000000000
000000000
000000000
000000000
000000000
000000000
000000000
000000000
000000000
000000000
000000000
000000000
000000000
000000000
000000000
00002e3c7
00002d3c3
000000000
000000000
00002f3cb
000000000
000000000
000000000
000000000
000000000
000000000
000030023
000000000
000000000
000031027
000000000
00003406f
00003202b
00003306b
000035073
000000000
000000000
000000000
000000000
000000000
000000000
000000000
000000000
000000000
000000000
000000000
000000000
000000000
000000000
000000000
000000000
000000000
000000000
0000360b3
0000380bb
0000390fb
000000000
0000370b7
000000000
00003a0ff
00003b103
000000000
000000000
000000000
000000000
000000000
000000000
000000000
000000000
000000000
000000000
000000000
000000000
00003c143
000000000
00003d147
000000000
000000000
000000000
00003e14b
00003f18b
00004018f
000041193
000000000
000000000
0000421d3
0000441db
000000000
0000431d7
000000000
000000000
000000000
000000000
000000000
000000000
000000000
000000000
00004521b
000000000
000000000
000000000
000047223
00004621f
000048263
000049267
00004a26b
000000000
000000000
000000000
000000000
000000000
000000000
000000000
000000000
000000000
000000000
000000000
000000000
000000000
000000000
000000000
000000000
000000000
000000000
000000000
000000000
000000000
000000000
000000000
000000000
000000000
000000000
000000000
000000000
000000000
000000000
000000000
000000000
000000000
000000000
000000000
000000000
000000000
000000000
000000000
000000000
000000000
000000000
000000000
000000000
000000000
000000000
000000000
000000000
000000000
000000000
000000000
000000000
000000000
000000000
000000000
000000000
000000000
000000000
000000000
000000000
000000000
000000000
000000000
000000000
000000000
000000000
000000000
000000000
000000000
000000000
000000000
000000000
000000000
000000000
000000000
000000000
000000000
000000000
000000000
000000000
000000000
000000000
000000000
000000000
000000000
000000000
000000000
000000000
000000000
000000000
000000000
000000000
000000000
000000000
000000000
000000000
000000000
000000000
000000000
000000000
000000000
000000000
000000000
000000000
000000000
000000000
000000000
000000000
000000000
000000000
000000000
000000000
000000000
000000000
000000000
000000000
000000000
000000000
000000000
000000000
000000000
00004c2af
000000000
000000000
00004b2ab
000000000
00004d2b3
000000000
000000000
000000000
000000000
000000000
000000000
00004e2f3
00004f2f7
0000502fb
000000000
000000000
000000000
000000000
000000000
000000000
000000000
000000000
000000000
000000000
00005133b
00005233f
000053343
000000000
000000000
000000000
000000000
000000000
000000000
000000000
000000000
000000000
000000000
000000000
000000000
000000000
000000000
000000000
000000000
000000000
000054383
00005638b
000000000
000055387
0000583cf
000000000
0000573cb
000000000
0000593d3
000000000
000000000
000000000
000000000
000000000
000000000
000000000
00005a02b
000000000
000000000
000000000
000000000
00005b02f
000000000
00005c033
00005d073
00005e077
000000000
00005f07b
000000000
000000000
000000000
000000000
000000000
000000000
000000000
000000000
000000000
000000000
000000000
0000600bb
000000000
000000000
000000000
0000610bf
000000000
000000000
0000620c3
000063103
000000000
000064107
00006510b
000000000
000000000
000000000
000000000
000000000
000000000
000000000
000000000
000000000
000000000
000000000
000000000
000000000
000000000
000000000
000000000
000000000
000000000
000000000
000000000
000000000
000000000
000000000
000000000
000000000
00006714f
00006614b
000068153
000000000
000000000
000000000
000000000
000000000
000000000
000000000
000000000
000000000
000000000
000000000
000069193
00006a197
00006b19b
000000000
000000000
000000000
000000000
000000000
000000000
000000000
000000000
000000000
000000000
000000000
000000000
000000000
000000000
000000000
000000000
000000000
000000000
000000000
000000000
000000000
000000000
000000000
000000000
000000000
000000000
000000000
000000000
000000000
000000000
000000000
000000000
000000000
000000000
000000000
000000000
000000000
000000000
000000000
000000000
000000000
000000000
000000000
000000000
000000000
000000000
000000000
000000000
000000000
000000000
000000000
000000000
000000000
000000000
000000000
000000000
000000000
000000000
000000000
000000000
000000000
000000000
000000000
000000000
000000000
000000000
000000000
000000000
000000000
000000000
000000000
000000000
000000000
000000000
000000000
000000000
000000000
00006c1db
00006e1e3
000000000
000000000
00006d1df
000000000
000000000
000000000
000000000
000000000
000000000
000000000
000070227
00006f223
00007122b
000000000
000000000
000000000
000000000
000000000
000000000
000000000
000000000
000000000
000000000
000000000
000000000
000000000
000000000
000000000
000000000
000000000
000000000
00007326f
000000000
000000000
000074273
00007226b
000000000
000000000
000000000
000000000
000000000
000000000
000000000
000000000
0000762b7
0000752b3
000000000
000000000
000000000
000000000
000000000
0000772bb
000000000
000000000
000000000
000000000
000000000
000000000
000000000
0000782fb
0000792ff
000000000
00007a303
000000000
000000000
000000000
000000000
000000000
000000000
000000000
000000000
000000000
000000000
000000000
000000000
000000000
000000000
000000000
00007b343
00007d34b
000000000
000000000
00007c347
000000000
000000000
000000000
000000000
000000000
000000000
000000000
000000000
000000000
000000000
000000000
000000000
000000000
000000000
000000000
000000000
000000000
000000000
000000000
000000000
00007e38b
000080393
00007f38f
0000813d3
0000823d7
000000000
0000833db
000000000
000000000
000000000
000000000
000000000
000000000
000000000
000000000
000000000
000000000
000000000
000000000
000000000
000000000
000000000
000084033
000000000
000085037
00008603b
000000000
000000000
000000000
000000000
000000000
000000000
000000000
000000000
000000000
000000000
000000000
000000000
000000000
000000000
000000000
000000000
00008707b
00008807f
000000000
000089083
000000000
000000000
000000000
000000000
000000000
000000000
000000000
000000000
000000000
000000000
000000000
000000000
000000000
000000000
000000000
000000000
000000000
000000000
000000000
000000000
000000000
00008a0c3
000000000
00008b0c7
00008c0cb
000000000
000000000
000000000
000000000
000000000
000000000
000000000
000000000
000000000
000000000
000000000
000000000
000000000
000000000
000000000
000000000
000000000
000000000
000000000
000000000
000000000
000000000
000000000
000000000
000000000
000000000
000000000
000000000
000000000
000000000
000000000
000000000
000000000
000000000
000000000
000000000
000000000
000000000
00008e10f
00008d10b
000000000
000000000
000000000
000000000
000000000
00008f113
000000000
000000000
000000000
000000000
000000000
000000000
000000000
000000000
000000000
000000000
000000000
000000000
000000000
000000000
000000000
000000000
000000000
000090153
000000000
000000000
000091157
00009215b
000000000
000000000
000000000
000000000
000000000
000000000
000000000
000000000
000000000
000000000
000000000
000000000
000000000
000000000
000000000
000000000
000000000
000000000
000000000
000000000
000000000
00009319b
000000000
000000000
00009419f
000000000
0000951a3
000000000
0000971e7
000000000
0000961e3
0000981eb
000000000
000000000
000000000
000000000
000000000
000000000
000000000
000000000
00009a22f
00009922b
000000000
000000000
000000000
000000000
00009b233
000000000
000000000
000000000
000000000
000000000
000000000
000000000
00009c273
000000000
00009d277
00009e27b
000000000
000000000
000000000
000000000
000000000
000000000
000000000
000000000
000000000
000000000
000000000
000000000
000000000
000000000
000000000
000000000
000000000
000000000
000000000
000000000
000000000
000000000
000000000
000000000
000000000
000000000
000000000
000000000
000000000
000000000
000000000
000000000
000000000
000000000
000000000
000000000
000000000
000000000
000000000
000000000
000000000
000000000
00009f2bb
000000000
000000000
0000a02bf
000000000
000000000
000000000
0000a12c3
000000000
000000000
000000000
0000a3307
0000a2303
0000a430b
000000000
000000000
000000000
000000000
000000000
000000000
000000000
000000000
000000000
000000000
000000000
000000000
000000000
000000000
000000000
000000000
000000000
000000000
000000000
000000000
000000000
000000000
000000000
000000000
000000000
000000000
000000000
0000a534b
0000a634f
0000a7353
000000000
000000000
000000000
000000000
000000000
000000000
000000000
000000000
000000000
000000000
000000000
000000000
000000000
000000000
000000000
000000000
0000a8393
0000a9397
000000000
000000000
0000aa39b
000000000
000000000
000000000
000000000
000000000
000000000
000000000
000000000
000000000
000000000
0000ab3db
0000ac3df
000000000
000000000
0000ad3e3
000000000
000000000
000000000
000000000
000000000
000000000
000000000
000000000
0000af03f
0000ae03b
0000b0043
000000000
000000000
000000000
000000000
000000000
000000000
000000000
000000000
000000000
000000000
000000000
000000000
000000000
000000000
000000000
000000000
000000000
000000000
000000000
000000000
000000000
000000000
000000000
000000000
000000000
000000000
000000000
000000000
000000000
0000b1083
0000b2087
0000b308b
000000000
000000000
000000000
000000000
000000000
000000000
000000000
000000000
000000000
000000000
000000000
000000000
000000000
000000000
000000000
000000000
000000000
000000000
000000000
000000000
000000000
000000000
000000000
000000000
000000000
000000000
0000b911b
000000000
000000000
000000000
000000000
000000000
000000000
000000000
000000000
000000000
000000000
000000000
000000000
0000b40cb
000000000
0000b50cf
0000b60d3
000000000
0000b8117
000000000
0000b7113
000000000
000000000
000000000
000000000
000000000
000000000
000000000
000000000
000000000
000000000
000000000
000000000
000000000
000000000
000000000
000000000
000000000
000000000
000000000
000000000
000000000
000000000
0000ba15b
000000000
000000000
0000bb15f
0000bc163
000000000
000000000
000000000
000000000
000000000
0000be1a7
0000bd1a3
0000bf1ab
000000000
000000000
000000000
000000000
000000000
000000000
000000000
000000000
000000000
000000000
000000000
000000000
0000c01eb
000000000
000000000
000000000
0000c11ef
0000c21f3
000000000
000000000
000000000
000000000
000000000
000000000
000000000
000000000
000000000
000000000
000000000
000000000
000000000
000000000
000000000
000000000
000000000
000000000
000000000
000000000
0000c3233
0000c523b
0000c4237
000000000
000000000
000000000
000000000
000000000
000000000
000000000
000000000
000000000
000000000
000000000
000000000
000000000
000000000
000000000
000000000
000000000
000000000
000000000
000000000
000000000
000000000
000000000
000000000
000000000
000000000
000000000
000000000
000000000
000000000
000000000
000000000
000000000
000000000
000000000
000000000
000000000
000000000
000000000
000000000
000000000
000000000
000000000
000000000
000000000
000000000
000000000
000000000
000000000
000000000
000000000
000000000
000000000
000000000
000000000
000000000
000000000
000000000
000000000
000000000
000000000
000000000
000000000
000000000
000000000
000000000
000000000
000000000
000000000
000000000
000000000
000000000
000000000
000000000
000000000
000000000
000000000
000000000
000000000
000000000
000000000
000000000
000000000
000000000
000000000
000000000
000000000
000000000
000000000
000000000
000000000
000000000
000000000
000000000
000000000
000000000
000000000
000000000
000000000
000000000
000000000
000000000
000000000
000000000
000000000
000000000
000000000
000000000
000000000
000000000
000000000
000000000
000000000
000000000
000000000
000000000
000000000
000000000
000000000
000000000
000000000
000000000
000000000
000000000
000000000
000000000
000000000
000000000
000000000
000000000
000000000
000000000
000000000
000000000
000000000
000000000
000000000
000000000
000000000
000000000
000000000
000000000
000000000
000000000
000000000
000000000
000000000
000000000
000000000
000000000
000000000
000000000
000000000
000000000
000000000
000000000
000000000
000000000
000000000
000000000
000000000
000000000
000000000
000000000
000000000
000000000
000000000
000000000
000000000
000000000
000000000
000000000
000000000
000000000
000000000
000000000
000000000
000000000
000000000
000000000
000000000
000000000
000000000
000000000
000000000
000000000
000000000
000000000
000000000
000000000
000000000
000000000
000000000
000000000
000000000
000000000
000000000
000000000
000000000
000000000
000000000
000000000
000000000
000000000
000000000
000000000
000000000
000000000
000000000
000000000
000000000
000000000
000000000
000000000
000000000
000000000
000000000
000000000
000000000
000000000
000000000
000000000
000000000
000000000
000000000
000000000
000000000
000000000
000000000
000000000
000000000
000000000
000000000
000000000
000000000
