00000000
00000000
00000000
00000000
00000000
00000000
00000000
00000000
00000000
00000000
00000000
00000000
00000000
00000000
00000000
00000000
00000000
00000000
00000000
00000000
00000000
00000000
00000000
00000000
00000000
20605061
00000000
00000000
00000000
00000000
00000000
20a09061
00000000
00000000
00000000
00000000
00000000
21615061
00000000
00000000
00000000
00000000
00000000
21a19061
00000000
00000000
00000000
00000000
00000000
22625061
00000000
00000000
00000000
00000000
00000000
22a29061
00000000
00000000
00000000
00000000
00000000
23635061
00000000
00000000
00000000
00000000
00000000
23a39061
00000000
00000000
00000000
00000000
00000000
24645061
00000000
00000000
00000000
00000000
00000000
24a49061
20c0a003
00000000
00000000
00000000
00000000
25655061
00000000
00000000
00000000
00000000
00000000
25a59061
21a18003
00000000
00000000
00000000
00000000
26665061
00000000
00000000
00000000
00000000
00000000
26a69061
22826003
00000000
00000000
00000000
00000000
27675061
00000000
00000000
00000000
00000000
00000000
27a79061
23634003
00000000
00000000
00000000
00000000
28685061
00000000
00000000
00000000
00000000
00000000
28a89061
24442003
00000000
00000000
00000000
00000000
29695061
00000000
00000000
00000000
00000000
00000000
29a99061
25250003
00000000
00000000
00000000
00000000
2a6a5061
00000000
00000000
00000000
00000000
00000000
2aaa9061
2605e003
00000000
00000000
00000000
00000000
2b6b5061
00000000
00000000
00000000
00000000
00000000
2bab9061
26e6c003
00000000
00000000
00000000
00000000
2c6c5061
00000000
00000000
00000000
00000000
00000000
2cac9061
27c7a003
00000000
00000000
00000000
00000000
2d6d5061
00000000
00000000
00000000
00000000
00000000
2dad9061
28a88003
00000000
00000000
00000000
00000000
2e6e5061
00000000
00000000
00000000
00000000
00000000
2eae9061
29896003
00000000
00000000
00000000
00000000
2f6f5061
00000000
00000000
00000000
00000000
00000000
2faf9061
2a6a4003
00000000
00000000
00000000
00000000
30705061
00000000
00000000
00000000
00000000
00000000
30b09061
2b4b2003
00000000
00000000
00000000
00000000
31715061
00000000
00000000
00000000
00000000
00000000
31b19061
2c2c0003
00000000
00000000
00000000
00000000
32725061
00000000
00000000
00000000
00000000
00000000
32b29061
2d0ce003
00000000
00000000
00000000
00000000
33735061
00000000
00000000
00000000
00000000
00000000
33b39061
2dedc003
00000000
00000000
00000000
00000000
34745061
00000000
00000000
00000000
00000000
00000000
00000000
2ecea003
00000000
00000000
00000000
34b49061
00000000
00000000
00000000
00000000
00000000
00000000
00000000
2faf8003
00000000
00000000
00000000
35755061
00000000
00000000
00000000
00000000
00000000
00000000
00000000
30906003
00000000
00000000
00000000
00000000
00000000
00000000
00000000
00000000
00000000
00000000
00000000
31714003
00000000
00000000
00000000
00000000
00000000
00000000
00000000
00000000
00000000
00000000
00000000
35b59061
00000000
00000000
00000000
00000000
32522003
36765061
00000000
00000000
00000000
00000000
00000000
36b69061
00000000
00000000
00000000
00000000
00000000
37775061
00000000
00000000
00000000
00000000
00000000
37b79061
00000000
00000000
00000000
00000000
00000000
38785061
00000000
00000000
00000000
00000000
00000000
38b89061
00000000
00000000
00000000
00000000
00000000
39795061
00000000
00000000
00000000
00000000
00000000
39b99061
33330003
00000000
00000000
00000000
00000000
3a7a5061
00000000
00000000
00000000
00000000
00000000
3aba9061
3413e003
00000000
00000000
00000000
00000000
3b7b5061
00000000
00000000
00000000
00000000
00000000
3bbb9061
34f4c003
00000000
00000000
00000000
00000000
3cbc9061
00000000
00000000
00000000
00000000
00000000
3c7c5061
35d5a003
00000000
00000000
00000000
00000000
3dbd9061
00000000
00000000
00000000
00000000
00000000
3d7d5061
36b68003
00000000
00000000
00000000
00000000
3ebe9061
00000000
00000000
00000000
00000000
00000000
3e7e5061
37976003
00000000
00000000
00000000
00000000
3fbf9061
00000000
00000000
00000000
00000000
00000000
3f7f5061
38784003
00000000
00000000
00000000
00000000
00000000
00000000
00000000
00000000
00000000
00000000
00000000
39592003
00000000
00000000
00000000
00000000
00000000
00000000
00000000
00000000
00000000
00000000
00000000
3a3a0003
00000000
00000000
00000000
00000000
00000000
00000000
00000000
00000000
00000000
00000000
00000000
3b1ae003
00000000
00000000
00000000
00000000
00000000
00000000
00000000
00000000
00000000
00000000
00000000
3bfbc003
00000000
00000000
00000000
00000000
00000000
00000000
00000000
00000000
00000000
00000000
00000000
00000000
00000000
00000000
00000000
00000000
00000000
00000000
00000000
00000000
00000000
00000000
00000000
00000000
00000000
00000000
00000000
00000000
