06
01
26
21
06
01
26
21
06
28
08
28
08
28
08
28
08
28
08
28
08
28
13
28
08
29
08
28
13
28
13
29
13
01
33
09
28
09
33
13
33
09
29
09
28
13
33
13
33
08
33
08
28
13
33
08
28
13
28
08
28
13
33
13
30
23
10
03
30
33
13
23
10
03
30
23
13
33
10
03
30
23
13
30
23
13
30
23
10
33
03
10
33
03
10
03
33
10
03
33
10
33
03
13
30
33
13
23
13
33
14
30
33
14
23
13
33
10
03
33
10
03
33
13
30
23
13
33
10
39
13
33
13
33
14
33
14
34
13
34
13
33
04
15
03
33
13
33
13
35
24
15
04
35
39
14
33
13
33
14
34
13
33
14
24
13
30
23
10
33
03
14
35
33
23
10
13
03
33
13
34
0d
2d
13
30
34
24
0d
08
28
19
2d
08
34
10
03
2d
14
2d
08
2d
0d
28
0d
28
08
28
08
30
33
0d
23
13
30
23
10
34
03
10
2d
14
2d
0d
2d
13
2d
08
28
08
2d
08
33
08
28
03
10
2d
03
13
30
23
10
03
2d
0d
2d
08
2d
08
2d
0d
33
08
28
08
28
10
2d
08
28
03
08
30
23
10
2d
03
0d
2d
0d
28
0d
33
0d
28
08
28
08
28
13
30
23
10
03
33
10
33
03
10
03
30
23
13
33
13
30
33
13
23
13
33
13
30
23
13
33
10
33
13
03
33
13
33
13
34
13
30
33
23
13
13
33
13
30
33
13
34
13
33
13
23
10
33
13
33
13
33
03
10
33
14
03
30
39
13
33
23
13
10
03
33
13
34
10
33
03
10
03
33
10
03
30
33
13
33
13
33
23
13
14
34
13
34
13
30
33
23
10
13
03
34
13
33
0d
33
13
30
2d
13
33
13
33
14
2d
13
33
14
34
14
33
07
33
13
28
0d
28
14
33
0d
34
0d
33
08
28
08
23
13
33
14
2d
0d
33
13
34
13
28
08
28
13
33
10
33
03
13
30
34
13
2d
14
2d
13
2d
0d
2d
0d
28
08
33
08
28
0d
28
23
08
14
30
23
13
30
2d
0d
28
0d
2d
14
2d
08
33
08
28
08
2d
08
23
13
30
2d
23
10
03
13
34
10
2d
08
2d
0d
33
08
33
0d
28
08
33
08
28
03
10
03
33
13
30
23
10
03
33
13
2d
13
30
33
23
13
10
03
33
10
2d
13
2d
13
28
08
28
03
13
30
34
0d
33
0d
23
13
33
0d
28
08
28
10
33
03
10
03
33
10
33
13
33
03
10
33
13
33
14
34
13
03
30
23
13
33
10
33
13
03
33
13
33
13
33
13
30
33
19
33
13
33
13
23
13
34
10
33
13
34
13
03
33
13
30
33
13
33
24
14
13
30
23
10
34
0d
04
30
33
13
23
13
30
2d
13
34
13
2d
13
33
08
28
13
34
08
34
23
0d
13
33
0d
2d
08
28
08
34
13
33
10
03
30
23
13
34
10
03
30
33
0d
34
0d
33
0d
28
13
33
08
28
23
10
0d
34
13
33
0d
2d
08
28
0d
34
14
33
13
28
03
10
2d
03
13
33
0d
28
08
33
08
33
13
33
10
33
03
10
03
34
0d
33
14
2d
0d
33
08
28
13
2d
08
30
23
13
30
33
23
10
13
33
13
03
34
0d
2d
14
2d
0d
2d
13
33
08
28
08
28
08
33
08
33
10
03
33
10
2d
13
2d
13
03
34
10
2d
13
33
08
33
08
28
03
13
33
10
33
03
10
03
34
0d
33
13
33
10
2d
0d
28
08
33
08
03
33
10
03
30
34
23
13
13
33
10
03
30
23
14
33
13
2d
13
2d
0d
28
13
28
08
33
13
30
23
14
33
13
34
13
30
23
13
33
13
33
13
33
10
33
03
15
33
13
39
13
33
13
33
13
03
34
13
2d
13
34
0d
33
0d
28
08
33
13
33
14
33
08
30
23
0d
34
13
30
23
13
30
23
0d
33
10
03
34
0d
33
08
33
13
28
08
30
34
23
13
13
30
23
10
03
30
33
13
23
0d
2d
13
30
34
13
33
0d
28
0d
2d
08
34
08
2d
08
33
08
28
23
0d
10
33
13
33
0d
2d
08
28
13
34
13
33
08
2d
03
0d
30
34
14
2d
08
33
08
28
23
10
13
03
33
10
03
30
23
13
33
13
30
33
23
13
13
33
13
30
34
13
33
13
23
14
2d
10
33
0d
33
13
03
33
10
33
03
14
2d
0d
2d
13
28
13
33
08
2d
13
33
08
34
14
33
08
28
08
33
10
33
13
33
03
10
34
13
2d
13
33
03
13
33
10
03
30
23
13
34
0d
2d
13
33
13
34
08
28
08
33
13
33
10
03
33
10
03
33
0d
33
10
33
0d
2d
19
28
08
33
13
28
03
14
30
2d
0d
33
23
13
0d
33
08
28
14
33
08
2d
10
03
30
2d
14
2d
13
28
08
28
23
10
03
13
30
23
13
33
10
03
33
10
03
34
13
30
23
14
33
0d
30
33
0d
23
10
33
03
0d
33
08
28
08
33
10
03
34
13
2d
13
33
13
33
10
34
03
13
34
13
33
0d
33
10
33
13
33
13
33
13
27
0e
33
13
34
0d
2d
13
34
13
33
13
33
08
34
08
28
13
28
13
28
13
03
30
33
23
10
13
33
03
0d
33
10
03
34
13
33
10
33
0d
03
2d
14
28
13
34
08
28
0d
33
0d
33
0d
28
08
28
10
03
30
23
10
03
33
13
33
0d
2d
0d
28
14
33
14
28
08
30
23
10
33
03
13
2d
10
03
30
34
13
33
23
10
0d
33
03
0d
33
08
28
08
33
13
33
13
30
23
13
33
13
33
14
30
2d
14
33
13
2d
0d
2d
23
13
13
34
0d
30
23
10
33
0d
03
33
10
33
03
10
33
13
34
03
13
30
33
13
24
13
30
33
23
14
13
33
15
03
34
0d
30
23
13
33
13
30
2d
23
10
03
13
33
0d
30
23
10
03
39
13
33
10
03
30
2d
14
33
13
2d
0d
23
10
03
34
13
30
23
13
30
2d
23
13
0d
30
34
23
13
0d
34
10
03
30
33
23
13
10
03
00
33
1a
03
33
13
30
23
13
30
2e
23
13
15
03
33
00
0f
33
13
3a
2d
13
23
10
33
13
00
03
2f
10
00
33
0f
02
30
23
10
03
35
33
23
0b
03
10
00
2f
0f
33
00
03
10
04
00
00
34
00
0b
02
3a
00
00
22
00
00
10
33
03
00
00
00
00
10
34
00
03
10
03
30
23
10
03
00
30
23
10
2d
03
10
2d
02
10
03
30
23
10
00
03
30
2d
0d
22
0b
03
00
30
23
10
03
00
00
2b
22
10
03
30
00
00
00
00
22
0b
02
3f
