00000000
00000000
00000000
00000000
00000000
00000000
00000000
00000000
00000000
00000000
00000000
00000000
00000000
00000000
00000000
00000000
00000000
00000000
00000000
00000000
00000000
00000000
00000000
00000000
00000000
00000000
00000000
00000000
00000000
00000000
00000000
00000000
00000000
00000000
20a09061
00000000
00000000
00000000
00000000
00000000
20e0d061
00000000
00000000
00000000
00000000
00000000
21211061
00000000
00000000
00000000
00000000
00000000
21615061
00000000
00000000
00000000
00000000
00000000
22221061
00000000
00000000
00000000
00000000
00000000
22625061
00000000
00000000
00000000
00000000
00000000
22a29061
00000000
00000000
00000000
00000000
00000000
22e2d061
00000000
00000000
00000000
00000000
00000000
23a39061
00000000
00000000
00000000
00000000
00000000
23e3d061
00000000
00000000
00000000
00000000
00000000
24241061
00000000
00000000
00000000
00000000
00000000
24645061
00000000
00000000
00000000
00000000
00000000
25251061
00000000
21c1a009
00000000
00000000
00000000
25655061
00000000
00000000
00000000
00000000
00000000
25a59061
00000000
00000000
00000000
00000000
00000000
25e5d061
00000000
00000000
00000000
00000000
00000000
26a69061
00000000
23c3a009
00000000
00000000
00000000
26e6d061
00000000
00000000
00000000
00000000
00000000
27271061
00000000
00000000
00000000
00000000
00000000
27675061
00000000
00000000
00000000
00000000
00000000
28281061
00000000
25c5a009
00000000
00000000
00000000
28685061
00000000
00000000
00000000
00000000
00000000
28a89061
00000000
00000000
00000000
00000000
00000000
28e8d061
00000000
00000000
00000000
00000000
00000000
29a99061
00000000
27c7a009
00000000
00000000
00000000
29e9d061
00000000
00000000
00000000
00000000
00000000
2a2a1061
00000000
00000000
00000000
00000000
00000000
2a6a5061
00000000
00000000
00000000
00000000
00000000
2b2b1061
00000000
29c9a009
00000000
00000000
00000000
2b6b5061
00000000
00000000
00000000
00000000
00000000
2bab9061
00000000
00000000
00000000
00000000
00000000
2bebd061
00000000
00000000
00000000
00000000
00000000
2cac9061
00000000
2bcba009
00000000
00000000
00000000
2cecd061
00000000
00000000
00000000
00000000
00000000
2d2d1061
00000000
00000000
00000000
00000000
00000000
2d6d5061
00000000
00000000
00000000
00000000
00000000
2e2e1061
00000000
2dcda009
00000000
00000000
00000000
2e6e5061
00000000
00000000
00000000
00000000
00000000
2eae9061
00000000
00000000
00000000
00000000
00000000
2eeed061
00000000
00000000
00000000
00000000
00000000
2faf9061
00000000
2fcfa009
00000000
00000000
00000000
2fefd061
00000000
00000000
00000000
00000000
00000000
30301061
00000000
00000000
00000000
00000000
00000000
30705061
00000000
00000000
00000000
00000000
00000000
31311061
00000000
31d1a009
00000000
00000000
00000000
31715061
00000000
00000000
00000000
00000000
00000000
31b19061
00000000
00000000
00000000
00000000
00000000
31f1d061
00000000
00000000
00000000
00000000
00000000
32b29061
00000000
33d3a009
00000000
00000000
00000000
32f2d061
00000000
00000000
00000000
00000000
00000000
33331061
00000000
00000000
00000000
00000000
00000000
33735061
00000000
00000000
00000000
00000000
00000000
34341061
00000000
35d5a009
00000000
00000000
00000000
34745061
00000000
00000000
00000000
00000000
00000000
34b49061
00000000
00000000
00000000
00000000
00000000
34f4d061
00000000
00000000
00000000
00000000
00000000
35b59061
00000000
37d7a009
00000000
00000000
00000000
35f5d061
00000000
00000000
00000000
00000000
00000000
36361061
00000000
00000000
00000000
00000000
00000000
36765061
00000000
00000000
00000000
00000000
00000000
37371061
00000000
39d9a009
00000000
00000000
00000000
37775061
00000000
00000000
00000000
00000000
00000000
37b79061
00000000
00000000
00000000
00000000
00000000
37f7d061
00000000
00000000
00000000
00000000
00000000
38b89061
00000000
3bdba009
00000000
00000000
00000000
38f8d061
00000000
00000000
00000000
00000000
00000000
39391061
00000000
00000000
00000000
00000000
00000000
39795061
00000000
00000000
00000000
00000000
00000000
3a3a1061
00000000
3ddda009
00000000
00000000
00000000
3a7a5061
00000000
00000000
00000000
00000000
00000000
3aba9061
00000000
00000000
00000000
00000000
00000000
3afad061
00000000
00000000
00000000
00000000
00000000
3bbb9061
00000000
3fdfa009
00000000
00000000
00000000
3bfbd061
00000000
00000000
00000000
00000000
00000000
3c3c1061
00000000
00000000
00000000
00000000
00000000
3c7c5061
00000000
00000000
00000000
00000000
00000000
3d3d1061
00000000
21c1a009
00000000
00000000
00000000
3d7d5061
00000000
00000000
00000000
00000000
00000000
3dbd9061
00000000
00000000
00000000
00000000
00000000
3dfdd061
00000000
00000000
00000000
00000000
00000000
3ebe9061
00000000
23c3a009
00000000
00000000
00000000
3efed061
00000000
00000000
00000000
00000000
00000000
3f3f1061
00000000
00000000
00000000
00000000
00000000
3f7f5061
00000000
00000000
00000000
00000000
00000000
20201061
00000000
25c5a009
00000000
00000000
00000000
20605061
00000000
00000000
00000000
00000000
00000000
20a09061
00000000
00000000
00000000
00000000
00000000
20e0d061
00000000
00000000
00000000
00000000
00000000
21a19061
00000000
27c7a009
00000000
00000000
00000000
21e1d061
00000000
00000000
00000000
00000000
00000000
22221061
00000000
00000000
00000000
00000000
00000000
22625061
00000000
00000000
00000000
00000000
00000000
23231061
00000000
29c9a009
00000000
00000000
00000000
23635061
00000000
00000000
00000000
00000000
00000000
23a39061
00000000
00000000
00000000
00000000
00000000
23e3d061
00000000
00000000
00000000
00000000
00000000
24a49061
00000000
2bcba009
00000000
00000000
00000000
24e4d061
00000000
00000000
00000000
00000000
00000000
25251061
00000000
00000000
00000000
00000000
00000000
25655061
00000000
00000000
00000000
00000000
00000000
26261061
00000000
2dcda009
00000000
00000000
00000000
26665061
00000000
00000000
00000000
00000000
00000000
26a69061
00000000
00000000
00000000
00000000
00000000
26e6d061
00000000
00000000
00000000
00000000
00000000
27a79061
00000000
2fcfa009
00000000
00000000
00000000
27e7d061
00000000
00000000
00000000
00000000
00000000
28281061
00000000
00000000
00000000
00000000
00000000
28685061
00000000
00000000
00000000
00000000
00000000
29291061
00000000
31d1a009
00000000
00000000
00000000
29695061
00000000
00000000
00000000
00000000
00000000
29a99061
00000000
00000000
00000000
00000000
00000000
29e9d061
00000000
00000000
00000000
00000000
00000000
2aaa9061
00000000
33d3a009
00000000
00000000
00000000
2aead061
00000000
00000000
00000000
00000000
00000000
2b2b1061
00000000
00000000
00000000
00000000
00000000
2b6b5061
00000000
00000000
00000000
00000000
00000000
2c2c1061
00000000
35d5a009
00000000
00000000
00000000
2c6c5061
00000000
00000000
00000000
00000000
00000000
2cac9061
00000000
00000000
00000000
00000000
00000000
2cecd061
00000000
00000000
00000000
00000000
00000000
2dad9061
00000000
37d7a009
00000000
00000000
00000000
2dedd061
00000000
00000000
00000000
00000000
00000000
2e2e1061
00000000
00000000
00000000
00000000
00000000
2e6e5061
00000000
00000000
00000000
00000000
00000000
2f2f1061
00000000
39d9a009
00000000
00000000
00000000
2f6f5061
00000000
00000000
00000000
00000000
00000000
2faf9061
00000000
00000000
00000000
00000000
00000000
2fefd061
00000000
00000000
00000000
00000000
00000000
00000000
00000000
3bdba009
00000000
00000000
00000000
00000000
00000000
00000000
00000000
00000000
00000000
00000000
00000000
00000000
00000000
00000000
00000000
00000000
00000000
00000000
00000000
00000000
00000000
00000000
00000000
3ddda009
00000000
00000000
00000000
00000000
00000000
00000000
00000000
00000000
00000000
00000000
00000000
00000000
00000000
00000000
00000000
00000000
00000000
00000000
00000000
00000000
00000000
00000000
00000000
3fdfa009
00000000
00000000
00000000
00000000
00000000
00000000
00000000
00000000
00000000
00000000
00000000
00000000
00000000
00000000
00000000
00000000
00000000
00000000
00000000
00000000
00000000
00000000
00000000
00000000
00000000
00000000
00000000
00000000
00000000
00000000
00000000
