000000000
000000000
000000000
000000000
000000000
000000000
000000000
000000000
000000000
000000000
000000000
000000000
000000000
000000000
000000000
000000000
000000000
000000000
000000000
000000000
000000000
000000000
000000000
000000000
000000000
000000000
000000000
000000000
000000000
000000000
000000000
000000000
000000000
2c040e022
000000000
000000000
000000000
000000000
000000000
2c0c0e0a2
000000000
000000000
000000000
000000000
000000000
2c140e122
000000000
000000000
000000000
000000000
000000000
2c1c0e1a2
000000000
000000000
000000000
000000000
000000000
2c240e222
000000000
000000000
000000000
000000000
000000000
2c2c0e2a2
000000000
000000000
000000000
000000000
000000000
2c340e322
000000000
000000000
000000000
000000000
000000000
2c3c0e3a2
000000000
000000000
000000000
000000000
000000000
2c440e422
000000000
000000000
000000000
000000000
000000000
2c4c0e4a2
000000000
000000000
000000000
000000000
000000000
2c540e522
000000000
000000000
000000000
000000000
000000000
2c5c0e5a2
000000000
000000000
000000000
000000000
000000000
2c640e622
000000000
000000000
000000000
000000000
000000000
2c6c0e6a2
000000000
000000000
000000000
000000000
000000000
2c740e722
000000000
000000000
000000000
000000000
000000000
2c7c0e7a2
000000000
000000000
000000000
000000000
000000000
2c840e822
000000000
000000000
000000000
000000000
000000000
2c8c0e8a2
000000000
000000000
000000000
000000000
000000000
2c940e922
000000000
000000000
000000000
000000000
000000000
2c9c0e9a2
000000000
000000000
000000000
000000000
000000000
2ca40ea22
000000000
000000000
000000000
000000000
000000000
2cac0eaa2
000000000
000000000
000000000
000000000
000000000
2cb40eb22
000000000
000000000
000000000
000000000
000000000
2cbc0eba2
000000000
000000000
000000000
000000000
000000000
2cc40ec22
000000000
000000000
000000000
000000000
000000000
2ccc0eca2
000000000
000000000
000000000
000000000
000000000
2cd40ed22
000000000
000000000
000000000
000000000
000000000
2cdc0eda2
000000000
000000000
000000000
000000000
000000000
2ce40ee22
000000000
000000000
000000000
000000000
000000000
2cec0eea2
000000000
000000000
000000000
000000000
000000000
2cf40ef22
000000000
000000000
000000000
000000000
000000000
2cfc0efa2
000000000
000000000
000000000
000000000
000000000
2d040f022
000000000
000000000
000000000
000000000
000000000
2d0c0f0a2
000000000
000000000
000000000
000000000
000000000
2d140f122
000000000
000000000
000000000
000000000
000000000
2d1c0f1a2
000000000
000000000
000000000
000000000
000000000
2d240f222
000000000
000000000
000000000
000000000
000000000
2d2c0f2a2
000000000
000000000
000000000
000000000
000000000
2d340f322
000000000
000000000
000000000
000000000
000000000
2d3c0f3a2
000000000
000000000
000000000
000000000
000000000
2d440f422
000000000
000000000
000000000
000000000
000000000
2d4c0f4a2
000000000
000000000
000000000
000000000
000000000
2d540f522
000000000
000000000
000000000
000000000
000000000
2d5c0f5a2
000000000
000000000
000000000
000000000
000000000
2d640f622
000000000
000000000
000000000
000000000
000000000
2d6c0f6a2
000000000
000000000
000000000
000000000
000000000
2d740f722
000000000
000000000
000000000
000000000
000000000
2d7c0f7a2
000000000
000000000
000000000
000000000
000000000
2d840f822
000000000
000000000
000000000
000000000
000000000
2d8c0f8a2
000000000
000000000
000000000
000000000
000000000
2d940f922
000000000
000000000
000000000
000000000
000000000
2d9c0f9a2
000000000
000000000
000000000
000000000
000000000
2da40fa22
000000000
000000000
000000000
000000000
000000000
2dac0faa2
000000000
000000000
000000000
000000000
000000000
2db40fb22
000000000
000000000
000000000
000000000
000000000
2dbc0fba2
000000000
000000000
000000000
000000000
000000000
2dc40fc22
000000000
000000000
000000000
000000000
000000000
2dcc0fca2
000000000
000000000
000000000
000000000
000000000
2dd40fd22
000000000
000000000
000000000
000000000
000000000
2ddc0fda2
000000000
000000000
000000000
000000000
000000000
2de40fe22
000000000
000000000
000000000
000000000
000000000
2dec0fea2
000000000
000000000
000000000
000000000
000000000
2df40ff22
000000000
000000000
000000000
000000000
000000000
2dfc0ffa2
000000000
000000000
000000000
000000000
000000000
000000000
000000000
000000000
000000000
000000000
000000000
000000000
000000000
000000000
000000000
000000000
000000000
000000000
000000000
000000000
000000000
000000000
000000000
000000000
000000000
000000000
000000000
000000000
000000000
000000000
000000000
000000000
000000000
000000000
000000000
000000000
000000000
000000000
000000000
000000000
000000000
000000000
000000000
000000000
000000000
000000000
000000000
000000000
000000000
000000000
000000000
000000000
000000000
000000000
000000000
000000000
000000000
000000000
000000000
000000000
000000000
000000000
000000000
000000000
000000000
000000000
000000000
000000000
000000000
000000000
000000000
000000000
000000000
000000000
000000000
000000000
000000000
000000000
000000000
000000000
000000000
000000000
000000000
000000000
000000000
000000000
000000000
000000000
000000000
000000000
000000000
000000000
000000000
000000000
000000000
000000000
000000000
000000000
000000000
000000000
000000000
000000000
000000000
000000000
000000000
000000000
000000000
000000000
000000000
000000000
000000000
000000000
000000000
000000000
000000000
000000000
000000000
000000000
000000000
000000000
000000000
000000000
000000000
000000000
000000000
000000000
000000000
000000000
000000000
000000000
000000000
000000000
000000000
000000000
000000000
000000000
000000000
000000000
000000000
000000000
000000000
000000000
000000000
000000000
000000000
000000000
000000000
000000000
000000000
000000000
000000000
000000000
000000000
000000000
000000000
000000000
000000000
000000000
000000000
000000000
000000000
000000000
000000000
000000000
000000000
000000000
000000000
000000000
000000000
000000000
000000000
000000000
000000000
000000000
000000000
000000000
000000000
000000000
000000000
000000000
000000000
000000000
000000000
000000000
000000000
000000000
000000000
000000000
000000000
000000000
000000000
000000000
000000000
000000000
000000000
000000000
000000000
000000000
000000000
000000000
000000000
000000000
000000000
000000000
000000000
000000000
000000000
000000000
000000000
000000000
000000000
000000000
000000000
000000000
000000000
000000000
000000000
000000000
000000000
000000000
000000000
000000000
000000000
000000000
000000000
000000000
000000000
000000000
000000000
000000000
000000000
000000000
000000000
000000000
000000000
000000000
000000000
000000000
000000000
000000000
000000000
000000000
000000000
000000000
000000000
000000000
000000000
000000000
000000000
000000000
000000000
000000000
000000000
000000000
000000000
000000000
000000000
000000000
000000000
000000000
000000000
000000000
000000000
000000000
000000000
000000000
000000000
000000000
000000000
000000000
000000000
000000000
000000000
000000000
000000000
000000000
000000000
000000000
000000000
000000000
000000000
000000000
000000000
000000000
000000000
000000000
000000000
000000000
000000000
000000000
000000000
000000000
000000000
000000000
000000000
000000000
000000000
000000000
000000000
000000000
000000000
000000000
000000000
000000000
000000000
000000000
000000000
000000000
000000000
000000000
000000000
000000000
000000000
000000000
000000000
000000000
000000000
000000000
000000000
000000000
000000000
000000000
000000000
000000000
000000000
000000000
000000000
000000000
000000000
000000000
000000000
000000000
000000000
000000000
000000000
000000000
000000000
000000000
000000000
000000000
000000000
000000000
000000000
000000000
000000000
000000000
000000000
000000000
000000000
000000000
000000000
000000000
000000000
000000000
000000000
000000000
000000000
000000000
000000000
000000000
000000000
000000000
000000000
000000000
000000000
000000000
000000000
000000000
000000000
000000000
000000000
000000000
000000000
000000000
000000000
000000000
000000000
000000000
000000000
000000000
000000000
000000000
000000000
000000000
000000000
000000000
000000000
000000000
000000000
000000000
000000000
000000000
000000000
000000000
2c040e022
000000000
000000000
000000000
000000000
000000000
2c0c0e0a2
000000000
000000000
000000000
000000000
000000000
2c140e122
000000000
000000000
000000000
000000000
000000000
2c1c0e1a2
000000000
000000000
000000000
000000000
000000000
2c240e222
000000000
000000000
000000000
000000000
000000000
2c2c0e2a2
000000000
000000000
000000000
000000000
000000000
2c340e322
000000000
000000000
000000000
000000000
000000000
2c3c0e3a2
000000000
000000000
000000000
000000000
000000000
2c440e422
000000000
000000000
000000000
000000000
000000000
2c4c0e4a2
000000000
000000000
000000000
000000000
000000000
2c540e522
000000000
000000000
000000000
000000000
000000000
2c5c0e5a2
000000000
000000000
000000000
000000000
000000000
2c640e622
000000000
000000000
000000000
000000000
000000000
2c6c0e6a2
000000000
000000000
000000000
000000000
000000000
2c740e722
000000000
000000000
000000000
000000000
000000000
2c7c0e7a2
000000000
000000000
000000000
000000000
000000000
2c840e822
000000000
000000000
000000000
000000000
000000000
2c8c0e8a2
000000000
000000000
000000000
000000000
000000000
2c940e922
000000000
000000000
000000000
000000000
000000000
2c9c0e9a2
000000000
000000000
000000000
000000000
000000000
2ca40ea22
000000000
000000000
000000000
000000000
000000000
2cac0eaa2
000000000
000000000
000000000
000000000
000000000
2cb40eb22
000000000
000000000
000000000
000000000
000000000
2cbc0eba2
000000000
000000000
000000000
000000000
000000000
2cc40ec22
000000000
000000000
000000000
000000000
000000000
2ccc0eca2
000000000
000000000
000000000
000000000
000000000
2cd40ed22
000000000
000000000
000000000
000000000
000000000
2cdc0eda2
000000000
000000000
000000000
000000000
000000000
2ce40ee22
000000000
000000000
000000000
000000000
000000000
2cec0eea2
000000000
000000000
000000000
000000000
000000000
2cf40ef22
000000000
000000000
000000000
000000000
000000000
2cfc0efa2
000000000
000000000
000000000
000000000
000000000
2d040f022
000000000
000000000
000000000
000000000
000000000
2d0c0f0a2
000000000
000000000
000000000
000000000
000000000
2d140f122
000000000
000000000
000000000
000000000
000000000
2d1c0f1a2
000000000
000000000
000000000
000000000
000000000
2d240f222
000000000
000000000
000000000
000000000
000000000
2d2c0f2a2
000000000
000000000
000000000
000000000
000000000
2d340f322
000000000
000000000
000000000
000000000
000000000
2d3c0f3a2
000000000
000000000
000000000
000000000
000000000
2d440f422
000000000
000000000
000000000
000000000
000000000
2d4c0f4a2
000000000
000000000
000000000
000000000
000000000
2d540f522
000000000
000000000
000000000
000000000
000000000
2d5c0f5a2
000000000
000000000
000000000
000000000
000000000
2d640f622
000000000
000000000
000000000
000000000
000000000
2d6c0f6a2
000000000
000000000
000000000
000000000
000000000
2d740f722
000000000
000000000
000000000
000000000
000000000
2d7c0f7a2
000000000
000000000
000000000
000000000
000000000
2d840f822
000000000
000000000
000000000
000000000
000000000
2d8c0f8a2
000000000
000000000
000000000
000000000
000000000
2d940f922
000000000
000000000
000000000
000000000
000000000
2d9c0f9a2
000000000
000000000
000000000
000000000
000000000
2da40fa22
000000000
000000000
000000000
000000000
000000000
2dac0faa2
000000000
000000000
000000000
000000000
000000000
2db40fb22
000000000
000000000
000000000
000000000
000000000
2dbc0fba2
000000000
000000000
000000000
000000000
000000000
2dc40fc22
000000000
000000000
000000000
000000000
000000000
2dcc0fca2
000000000
000000000
000000000
000000000
000000000
2dd40fd22
000000000
000000000
000000000
000000000
000000000
2ddc0fda2
000000000
000000000
000000000
000000000
000000000
2de40fe22
000000000
000000000
000000000
000000000
000000000
2dec0fea2
000000000
000000000
000000000
000000000
000000000
2df40ff22
000000000
000000000
000000000
000000000
000000000
2dfc0ffa2
000000000
000000000
000000000
000000000
000000000
000000000
000000000
000000000
000000000
000000000
000000000
000000000
000000000
000000000
000000000
000000000
000000000
000000000
000000000
000000000
000000000
000000000
000000000
000000000
000000000
000000000
000000000
000000000
000000000
000000000
000000000
000000000
000000000
000000000
000000000
000000000
000000000
000000000
000000000
000000000
000000000
000000000
000000000
000000000
000000000
000000000
000000000
000000000
000000000
000000000
000000000
000000000
000000000
000000000
000000000
000000000
000000000
000000000
000000000
000000000
000000000
000000000
000000000
000000000
000000000
000000000
000000000
000000000
000000000
000000000
000000000
000000000
000000000
000000000
000000000
000000000
000000000
000000000
000000000
000000000
000000000
000000000
000000000
000000000
000000000
000000000
000000000
000000000
000000000
000000000
000000000
000000000
000000000
000000000
000000000
000000000
000000000
000000000
000000000
000000000
000000000
000000000
000000000
000000000
000000000
000000000
000000000
000000000
000000000
000000000
000000000
000000000
000000000
000000000
000000000
000000000
000000000
000000000
000000000
000000000
000000000
000000000
000000000
000000000
000000000
000000000
000000000
000000000
000000000
000000000
000000000
000000000
000000000
000000000
000000000
000000000
000000000
000000000
000000000
000000000
000000000
000000000
000000000
000000000
000000000
000000000
000000000
000000000
000000000
000000000
000000000
000000000
000000000
000000000
000000000
000000000
000000000
000000000
000000000
000000000
000000000
000000000
000000000
000000000
000000000
000000000
000000000
000000000
000000000
000000000
000000000
000000000
000000000
000000000
000000000
000000000
000000000
000000000
000000000
000000000
000000000
000000000
000000000
000000000
000000000
000000000
000000000
000000000
000000000
000000000
000000000
000000000
000000000
000000000
000000000
000000000
000000000
000000000
000000000
000000000
000000000
000000000
000000000
000000000
000000000
000000000
000000000
000000000
000000000
000000000
000000000
000000000
000000000
000000000
000000000
000000000
000000000
000000000
000000000
000000000
000000000
000000000
000000000
000000000
000000000
000000000
000000000
000000000
000000000
000000000
000000000
000000000
000000000
000000000
000000000
000000000
000000000
000000000
000000000
000000000
000000000
000000000
000000000
000000000
000000000
000000000
000000000
000000000
000000000
000000000
000000000
000000000
000000000
000000000
000000000
000000000
000000000
000000000
000000000
000000000
000000000
000000000
000000000
000000000
000000000
000000000
000000000
000000000
000000000
000000000
000000000
000000000
000000000
000000000
000000000
000000000
000000000
000000000
000000000
000000000
000000000
000000000
000000000
000000000
000000000
000000000
000000000
000000000
000000000
000000000
000000000
000000000
000000000
000000000
000000000
000000000
000000000
000000000
000000000
000000000
000000000
000000000
000000000
000000000
000000000
000000000
000000000
000000000
000000000
000000000
000000000
000000000
000000000
000000000
000000000
000000000
000000000
000000000
000000000
000000000
000000000
000000000
000000000
000000000
000000000
000000000
000000000
000000000
000000000
000000000
000000000
000000000
000000000
000000000
000000000
000000000
000000000
000000000
000000000
000000000
000000000
000000000
000000000
000000000
000000000
000000000
000000000
000000000
000000000
000000000
000000000
000000000
000000000
000000000
000000000
000000000
000000000
000000000
000000000
000000000
000000000
000000000
000000000
000000000
000000000
000000000
000000000
000000000
000000000
000000000
000000000
000000000
000000000
000000000
000000000
000000000
000000000
000000000
000000000
000000000
000000000
000000000
000000000
000000000
000000000
000000000
000000000
000000000
