00000000
00000000
00000000
20201061
00000000
00000000
00000000
00000000
00000000
20a09061
00000000
00000000
00000000
00000000
00000000
21211061
00000000
00000000
00000000
00000000
00000000
21a19061
00000000
00000000
00000000
00000000
00000000
22221061
00000000
00000000
00000000
00000000
00000000
22a29061
00000000
00000000
00000000
00000000
00000000
23231061
00000000
00000000
00000000
00000000
00000000
23a39061
00000000
00000000
00000000
00000000
00000000
24241061
00000000
00000000
00000000
00000000
00000000
24a49061
00000000
00000000
00000000
00000000
00000000
25251061
00000000
00000000
00000000
00000000
00000000
25a59061
00000000
00000000
00000000
00000000
00000000
26261061
00000000
00000000
00000000
00000000
00000000
26a69061
00000000
00000000
00000000
00000000
00000000
27271061
00000000
00000000
00000000
00000000
00000000
27a79061
00000000
00000000
00000000
00000000
00000000
28281061
00000000
00000000
00000000
00000000
00000000
28a89061
00000000
00000000
00000000
00000000
00000000
29291061
00000000
00000000
00000000
00000000
00000000
29a99061
00000000
00000000
00000000
00000000
00000000
2a2a1061
00000000
00000000
00000000
00000000
00000000
2aaa9061
00000000
00000000
00000000
00000000
00000000
2b2b1061
00000000
00000000
00000000
00000000
00000000
2bab9061
00000000
00000000
00000000
00000000
00000000
2c2c1061
00000000
00000000
00000000
00000000
00000000
2cac9061
00000000
00000000
00000000
00000000
00000000
2d2d1061
00000000
00000000
00000000
00000000
00000000
2dad9061
00000000
00000000
00000000
00000000
00000000
2e2e1061
00000000
00000000
00000000
00000000
00000000
2eae9061
00000000
00000000
00000000
00000000
00000000
2f2f1061
00000000
00000000
00000000
00000000
00000000
2faf9061
00000000
00000000
00000000
00000000
00000000
30301061
00000000
00000000
00000000
00000000
00000000
30b09061
00000000
00000000
00000000
00000000
00000000
31311061
00000000
00000000
00000000
00000000
00000000
31b19061
00000000
00000000
00000000
00000000
00000000
32321061
00000000
00000000
00000000
00000000
00000000
32b29061
00000000
00000000
00000000
00000000
00000000
33331061
00000000
00000000
00000000
00000000
00000000
33b39061
00000000
00000000
00000000
00000000
00000000
34341061
00000000
00000000
00000000
00000000
00000000
34b49061
00000000
00000000
00000000
00000000
00000000
35351061
00000000
00000000
00000000
00000000
00000000
35b59061
00000000
00000000
00000000
00000000
00000000
36361061
00000000
00000000
00000000
00000000
00000000
36b69061
00000000
00000000
00000000
00000000
00000000
37371061
00000000
00000000
00000000
00000000
00000000
37b79061
00000000
00000000
00000000
00000000
00000000
38381061
00000000
00000000
00000000
00000000
00000000
38b89061
00000000
00000000
00000000
00000000
00000000
39391061
00000000
00000000
00000000
00000000
00000000
39b99061
00000000
00000000
00000000
00000000
00000000
3a3a1061
00000000
00000000
00000000
00000000
00000000
3aba9061
00000000
00000000
00000000
00000000
00000000
3b3b1061
00000000
00000000
00000000
00000000
00000000
3bbb9061
00000000
00000000
00000000
00000000
00000000
3c3c1061
00000000
00000000
00000000
00000000
00000000
3cbc9061
00000000
00000000
00000000
00000000
00000000
3d3d1061
00000000
00000000
00000000
00000000
00000000
3dbd9061
00000000
00000000
00000000
00000000
00000000
3e3e1061
00000000
00000000
00000000
00000000
00000000
3ebe9061
00000000
00000000
00000000
00000000
00000000
3f3f1061
00000000
00000000
00000000
00000000
00000000
3fbf9061
00000000
00000000
00000000
00000000
00000000
00000000
00000000
00000000
00000000
00000000
20605069
00000000
00000000
00000000
00000000
00000000
20e0d069
00000000
00000000
00000000
00000000
00000000
21615069
00000000
00000000
00000000
00000000
00000000
21e1d069
00000000
00000000
00000000
00000000
00000000
22625069
00000000
00000000
00000000
00000000
00000000
22e2d069
00000000
00000000
00000000
00000000
00000000
23635069
00000000
00000000
00000000
00000000
00000000
23e3d069
00000000
00000000
00000000
00000000
00000000
24645069
00000000
00000000
00000000
00000000
00000000
24e4d069
00000000
00000000
00000000
00000000
00000000
25655069
00000000
00000000
00000000
00000000
00000000
25e5d069
00000000
00000000
00000000
00000000
00000000
26665069
00000000
00000000
00000000
00000000
00000000
26e6d069
00000000
00000000
00000000
00000000
00000000
27675069
00000000
00000000
00000000
00000000
00000000
27e7d069
00000000
00000000
00000000
00000000
00000000
28685069
00000000
00000000
00000000
00000000
00000000
28e8d069
00000000
00000000
00000000
00000000
00000000
29695069
00000000
00000000
00000000
00000000
00000000
29e9d069
00000000
00000000
00000000
00000000
00000000
2a6a5069
00000000
00000000
00000000
00000000
00000000
2aead069
00000000
00000000
00000000
00000000
00000000
2b6b5069
00000000
00000000
00000000
00000000
00000000
2bebd069
00000000
00000000
00000000
00000000
00000000
2c6c5069
00000000
00000000
00000000
00000000
00000000
2cecd069
00000000
00000000
00000000
00000000
00000000
2d6d5069
00000000
00000000
00000000
00000000
00000000
2dedd069
00000000
00000000
00000000
00000000
00000000
2e6e5069
00000000
00000000
00000000
00000000
00000000
2eeed069
00000000
00000000
00000000
00000000
00000000
2f6f5069
00000000
00000000
00000000
00000000
00000000
2fefd069
00000000
00000000
00000000
00000000
00000000
30705069
00000000
00000000
00000000
00000000
00000000
30f0d069
00000000
00000000
00000000
00000000
00000000
31715069
00000000
00000000
00000000
00000000
00000000
31f1d069
00000000
00000000
00000000
00000000
00000000
32725069
00000000
00000000
00000000
00000000
00000000
32f2d069
00000000
00000000
00000000
00000000
00000000
33735069
00000000
00000000
00000000
00000000
00000000
33f3d069
00000000
00000000
00000000
00000000
00000000
34745069
00000000
00000000
00000000
00000000
00000000
34f4d069
00000000
00000000
00000000
00000000
00000000
35755069
00000000
00000000
00000000
00000000
00000000
35f5d069
00000000
00000000
00000000
00000000
00000000
36765069
00000000
00000000
00000000
00000000
00000000
36f6d069
00000000
00000000
00000000
00000000
00000000
37775069
00000000
00000000
00000000
00000000
00000000
37f7d069
00000000
00000000
00000000
00000000
00000000
38785069
00000000
00000000
00000000
00000000
00000000
38f8d069
00000000
00000000
00000000
00000000
00000000
39795069
00000000
00000000
00000000
00000000
00000000
39f9d069
00000000
00000000
00000000
00000000
00000000
3a7a5069
00000000
00000000
00000000
00000000
00000000
3afad069
00000000
00000000
00000000
00000000
00000000
3b7b5069
00000000
00000000
00000000
00000000
00000000
3bfbd069
00000000
00000000
00000000
00000000
00000000
3c7c5069
00000000
00000000
00000000
00000000
00000000
3cfcd069
00000000
00000000
00000000
00000000
00000000
3d7d5069
00000000
00000000
00000000
00000000
00000000
3dfdd069
00000000
00000000
00000000
00000000
00000000
3e7e5069
00000000
00000000
00000000
00000000
00000000
3efed069
00000000
00000000
00000000
00000000
00000000
3f7f5069
00000000
00000000
00000000
00000000
00000000
3fffd069
00000000
00000000
00000000
00000000
00000000
20201061
00000000
00000000
00000000
00000000
00000000
20a09061
00000000
00000000
00000000
00000000
00000000
21211061
00000000
00000000
00000000
00000000
00000000
21a19061
00000000
00000000
00000000
00000000
00000000
22221061
00000000
00000000
00000000
00000000
00000000
22a29061
00000000
00000000
00000000
00000000
00000000
23231061
00000000
00000000
00000000
00000000
00000000
23a39061
00000000
00000000
00000000
00000000
00000000
24241061
00000000
00000000
00000000
00000000
00000000
24a49061
00000000
00000000
00000000
00000000
00000000
25251061
00000000
00000000
00000000
00000000
00000000
25a59061
00000000
00000000
00000000
00000000
00000000
26261061
00000000
00000000
00000000
00000000
00000000
26a69061
00000000
00000000
00000000
00000000
00000000
27271061
00000000
00000000
00000000
00000000
00000000
27a79061
00000000
00000000
00000000
00000000
00000000
28281061
00000000
00000000
00000000
00000000
00000000
28a89061
00000000
00000000
00000000
00000000
00000000
29291061
00000000
00000000
00000000
00000000
00000000
29a99061
00000000
00000000
00000000
00000000
00000000
2a2a1061
00000000
00000000
00000000
00000000
00000000
2aaa9061
00000000
00000000
00000000
00000000
00000000
2b2b1061
00000000
00000000
00000000
00000000
00000000
2bab9061
00000000
00000000
00000000
00000000
00000000
2c2c1061
00000000
00000000
00000000
00000000
00000000
2cac9061
00000000
00000000
00000000
00000000
00000000
2d2d1061
00000000
00000000
00000000
00000000
00000000
2dad9061
00000000
00000000
00000000
00000000
00000000
2e2e1061
00000000
00000000
00000000
00000000
00000000
2eae9061
00000000
00000000
00000000
00000000
00000000
2f2f1061
00000000
00000000
00000000
00000000
00000000
2faf9061
00000000
00000000
00000000
00000000
00000000
30301061
00000000
00000000
00000000
00000000
00000000
30b09061
00000000
00000000
00000000
00000000
00000000
31311061
00000000
00000000
00000000
00000000
00000000
31b19061
00000000
00000000
00000000
00000000
00000000
32321061
00000000
00000000
00000000
00000000
00000000
32b29061
00000000
00000000
00000000
00000000
00000000
33331061
00000000
00000000
00000000
00000000
00000000
33b39061
00000000
00000000
00000000
00000000
00000000
34341061
00000000
00000000
00000000
00000000
00000000
34b49061
00000000
00000000
00000000
00000000
00000000
35351061
00000000
00000000
00000000
00000000
00000000
35b59061
00000000
00000000
00000000
00000000
00000000
36361061
00000000
00000000
00000000
00000000
00000000
36b69061
00000000
00000000
00000000
00000000
00000000
37371061
00000000
00000000
00000000
00000000
00000000
37b79061
00000000
00000000
00000000
00000000
00000000
38381061
00000000
00000000
00000000
00000000
00000000
38b89061
00000000
00000000
00000000
00000000
00000000
39391061
00000000
00000000
00000000
00000000
00000000
39b99061
00000000
00000000
00000000
00000000
00000000
3a3a1061
00000000
00000000
00000000
00000000
00000000
3aba9061
00000000
00000000
00000000
00000000
00000000
3b3b1061
00000000
00000000
00000000
00000000
00000000
3bbb9061
00000000
00000000
00000000
00000000
00000000
3c3c1061
00000000
00000000
00000000
00000000
00000000
3cbc9061
00000000
00000000
00000000
00000000
00000000
3d3d1061
00000000
00000000
00000000
00000000
00000000
3dbd9061
00000000
00000000
00000000
00000000
00000000
3e3e1061
00000000
00000000
00000000
00000000
00000000
3ebe9061
00000000
00000000
00000000
00000000
00000000
3f3f1061
00000000
00000000
00000000
00000000
00000000
3fbf9061
00000000
00000000
00000000
00000000
00000000
00000000
00000000
00000000
00000000
00000000
20605069
00000000
00000000
00000000
00000000
00000000
20e0d069
00000000
00000000
00000000
00000000
00000000
21615069
00000000
00000000
00000000
00000000
00000000
21e1d069
00000000
00000000
00000000
00000000
00000000
22625069
00000000
00000000
00000000
00000000
00000000
22e2d069
00000000
00000000
00000000
00000000
00000000
23635069
00000000
00000000
00000000
00000000
00000000
23e3d069
00000000
00000000
00000000
00000000
00000000
24645069
00000000
00000000
00000000
00000000
00000000
24e4d069
00000000
00000000
00000000
00000000
00000000
25655069
00000000
00000000
00000000
00000000
00000000
25e5d069
00000000
00000000
00000000
00000000
00000000
26665069
00000000
00000000
00000000
00000000
00000000
26e6d069
00000000
00000000
00000000
00000000
00000000
27675069
00000000
00000000
00000000
00000000
00000000
27e7d069
00000000
00000000
00000000
00000000
00000000
28685069
00000000
00000000
00000000
00000000
00000000
28e8d069
00000000
00000000
00000000
00000000
00000000
29695069
00000000
00000000
00000000
00000000
00000000
29e9d069
00000000
00000000
00000000
00000000
00000000
2a6a5069
00000000
00000000
00000000
00000000
00000000
2aead069
00000000
00000000
00000000
00000000
00000000
2b6b5069
00000000
00000000
00000000
00000000
00000000
2bebd069
00000000
00000000
00000000
00000000
00000000
2c6c5069
00000000
00000000
00000000
00000000
00000000
2cecd069
00000000
00000000
00000000
00000000
00000000
2d6d5069
00000000
00000000
00000000
00000000
00000000
2dedd069
00000000
00000000
00000000
00000000
00000000
2e6e5069
00000000
00000000
00000000
00000000
00000000
2eeed069
00000000
00000000
00000000
00000000
00000000
2f6f5069
00000000
00000000
00000000
00000000
00000000
2fefd069
00000000
00000000
00000000
00000000
00000000
30705069
00000000
00000000
00000000
00000000
00000000
30f0d069
00000000
00000000
00000000
00000000
00000000
31715069
00000000
00000000
00000000
00000000
00000000
31f1d069
00000000
00000000
00000000
00000000
00000000
32725069
00000000
00000000
00000000
00000000
00000000
32f2d069
00000000
00000000
00000000
00000000
00000000
33735069
00000000
00000000
00000000
00000000
00000000
33f3d069
00000000
00000000
00000000
00000000
00000000
34745069
00000000
00000000
00000000
00000000
00000000
34f4d069
00000000
00000000
00000000
00000000
00000000
35755069
00000000
00000000
00000000
00000000
00000000
35f5d069
00000000
00000000
00000000
00000000
00000000
36765069
00000000
00000000
00000000
00000000
00000000
36f6d069
00000000
00000000
00000000
00000000
00000000
37775069
00000000
00000000
00000000
00000000
00000000
37f7d069
00000000
00000000
00000000
00000000
00000000
38785069
00000000
00000000
00000000
00000000
00000000
38f8d069
00000000
00000000
00000000
00000000
00000000
39795069
00000000
00000000
00000000
00000000
00000000
39f9d069
00000000
00000000
00000000
00000000
00000000
3a7a5069
00000000
00000000
00000000
00000000
00000000
3afad069
00000000
00000000
00000000
00000000
00000000
3b7b5069
00000000
00000000
00000000
00000000
00000000
3bfbd069
00000000
00000000
00000000
00000000
00000000
3c7c5069
00000000
00000000
00000000
00000000
00000000
3cfcd069
00000000
00000000
00000000
00000000
00000000
3d7d5069
00000000
00000000
00000000
00000000
00000000
3dfdd069
00000000
00000000
00000000
00000000
00000000
3e7e5069
00000000
00000000
00000000
00000000
00000000
3efed069
00000000
00000000
00000000
00000000
00000000
3f7f5069
00000000
00000000
00000000
00000000
00000000
3fffd069
00000000
00000000
00000000
00000000
00000000
00000000
00000000
00000000
00000000
00000000
00000000
00000000
00000000
00000000
00000000
00000000
00000000
00000000
00000000
00000000
00000000
00000000
00000000
00000000
00000000
00000000
00000000
00000000
00000000
