00000000000
00000000000
00000000000
00000000000
00000000000
00000000000
00000000000
00000000000
00000000000
00000000000
00000000000
00000000000
00000000000
00000000000
00000000000
00000000000
00000000000
00000000000
00000000000
00000000000
00000000000
00000000000
00000000000
00000000000
00000000000
00000000000
00000000000
00000000000
00000000000
00000000000
00000000000
00000000000
00000000000
00000000000
00000000000
00000000000
00000000000
00000000000
00000000000
00000000000
00000000000
00000000000
00000000000
00000000000
00000000000
00000000000
00000000000
00000000000
00000000000
00000000000
00000000000
00000000000
00000000000
00000000000
00000000000
00000000000
00000000000
00000000000
00000000000
00000000000
00000000000
00000000000
00000000000
00000000000
00000000000
00000000000
00000000000
00000000000
00000000000
00000000000
00000000000
00000000000
00000000000
00000000000
00000000000
00000000000
00000000000
00000000000
00000000000
00000000000
00000000000
00000000000
00000000000
00000000000
00000000000
00000000000
00000000000
00000000000
00000000000
00000000000
00000000000
00000000000
00000000000
00000000000
00000000000
00000000000
00000000000
00000000000
00000000000
00000000000
00000000000
00000000000
00000000000
00000000000
00000000000
00000000000
00000000000
00000000000
00000000000
00000000000
00000000000
00000000000
00000000000
00000000000
00000000000
00000000000
00000000000
00000000000
00000000000
00000000000
00000000000
00000000000
00000000000
00000000000
00000000000
00000000000
00000000000
00000000000
00000000000
00000000000
00000000000
00000000000
00000000000
00000000000
00000000000
00000000000
00000000000
00000000000
00000000000
00000000000
00000000000
00000000000
00000000000
00000000000
00000000000
00000000000
00000000000
00000000000
00000000000
00000000000
00000000000
00000000000
00000000000
00000000000
00000000000
00000000000
00000000000
00000000000
00000000000
00000000000
00000000000
00000000000
00000000000
00000000000
00000000000
00000000000
00000000000
00000000000
00000000000
00000000000
00000000000
00000000000
00000000000
00000000000
00000000000
00000000000
00000000000
00000000000
00000000000
00000000000
00000000000
00000000000
00000000000
00000000000
00000000000
00000000000
00000000000
00000000000
00000000000
00000000000
00000000000
00000000000
00000000000
00000000000
00000000000
00000000000
00000000000
00000000000
00000000000
00000000000
00000000000
00000000000
00000000000
00000000000
00000000000
00000000000
00000000000
00000000000
00000000000
00000000000
00000000000
00000000000
00000000000
00000000000
00000000000
00000000000
00000000000
00000000000
00000000000
00000000000
00000000000
00000000000
00000000000
00000000000
00000000000
00000000000
00000000000
00000000000
00000000000
00000000000
00000000000
00000000000
00000000000
00000000000
00000000000
00000000000
00000000000
00000000000
00000000000
00000000000
00000000000
00000000000
00000000000
00000000000
00000000000
00000000000
00000000000
00000000000
00000000000
00000000000
00000000000
00000000000
00000000000
00000000000
00000000000
00000000000
00000000000
00000000000
00000000000
00000000000
00000000000
00000000000
00000000000
00000000000
00000000000
00000000000
00000000000
00000000000
00000000000
00000000000
00000000000
00000000000
00000000000
00000000000
00000000000
00000000000
00000000000
00000000000
00000000000
00000000000
00000000000
00000000000
00000000000
00000000000
00000000000
00000000000
00000000000
00000000000
00000000000
00000000000
00000000000
00000000000
00000000000
00000000000
00000000000
00000000000
00000000000
00000000000
00000000000
00000000000
00000000000
00000000000
00000000000
00000000000
00000000000
00000000000
00000000000
00000000000
00000000000
00000000000
00000000000
00000000000
00000000000
00000000000
00000000000
00000000000
00000000000
00000000000
00000000000
00000000000
00000000000
00000000000
00000000000
00000000000
00000000000
00000000000
00000000000
00000000000
00000000000
00000000000
00000000000
00000000000
00000000000
00000000000
00000000000
00000000000
00000000000
00000000000
00000000000
00000000000
00000000000
00000000000
00000000000
00000000000
00000000000
00000000000
00000000000
00000000000
00000000000
00000000000
00000000000
00000000000
00000000000
00000000000
00000000000
00000000000
00000000000
00000000000
00000000000
00000000000
00000000000
00000000000
00000000000
00000000000
00000000000
00000000000
00000000000
00000000000
00000000000
00000000000
00000000000
00000000000
00000000000
00000000000
00000000000
00000000000
00000000000
00000000000
00000000000
00000000000
00000000000
00000000000
00000000000
00000000000
00000000000
00000000000
00000000000
00000000000
00000000000
00000000000
00000000000
00000000000
00000000000
00000000000
00000000000
00000000000
00000000000
00000000000
00000000000
00000000000
00000000000
00000000000
00000000000
00000000000
00000000000
00000000000
00000000000
00000000000
00000000000
00000000000
00000000000
00000000000
00000000000
00000000000
00000000000
00000000000
00000000000
00000000000
00000000000
00000000000
0000000000f
00000000000
00000000000
00000000000
00000000000
00000000000
0000000101f
00000000000
00000000000
00000000000
00000000000
00000000000
0000000202f
00000000000
00000000000
00000000000
00000000000
00000000000
0000000303f
00000000000
00000000000
00000000000
00000000000
00000000000
0000000404f
00000000000
00000000000
00000000000
00000000000
00000000000
0000000505f
00000000000
00000000000
00000000000
00000000000
00000000000
0000000606f
00000000000
00000000000
00000000000
00000000000
00000000000
0000000707f
00000000000
00000000000
00000000000
00000000000
00000000000
0000000808f
00000000000
00000000000
00000000000
00000000000
00000000000
0000000909f
00000000000
00000000000
00000000000
00000000000
00000000000
0000000a0af
00000000000
00000000000
00000000000
00000000000
00000000000
0000000b0bf
00000000000
00000000000
00000000000
00000000000
00000000000
0000000c0cf
00000000000
00000000000
00000000000
00000000000
00000000000
0000000d0df
00000000000
00000000000
00000000000
00000000000
00000000000
0000000e0ef
00000000000
00000000000
00000000000
00000000000
00000000000
0000000f0ff
00000000000
00000000000
00000000000
00000000000
00000000000
0000001010f
00000000000
00000000000
00000000000
00000000000
00000000000
0000001111f
00000000000
00000000000
00000000000
00000000000
00000000000
0000001212f
00000000000
00000000000
00000000000
00000000000
00000000000
0000001313f
00000000000
00000000000
00000000000
00000000000
00000000000
0000001414f
00000000000
00000000000
00000000000
00000000000
00000000000
0000001515f
00000000000
00000000000
00000000000
00000000000
00000000000
0000001616f
00000000000
00000000000
00000000000
00000000000
00000000000
0000001717f
00000000000
00000000000
00000000000
00000000000
00000000000
0000001818f
00000000000
00000000000
00000000000
00000000000
00000000000
0000001919f
00000000000
00000000000
00000000000
00000000000
00000000000
0000001a1af
00000000000
00000000000
00000000000
00000000000
00000000000
0000001b1bf
00000000000
00000000000
00000000000
00000000000
00000000000
0000001c1cf
00000000000
00000000000
00000000000
00000000000
00000000000
0000001d1df
00000000000
00000000000
00000000000
00000000000
00000000000
0000001e1ef
00000000000
00000000000
00000000000
00000000000
00000000000
0000001f1ff
00000000000
00000000000
00000000000
00000000000
00000000000
0000002020f
00000000000
00000000000
00000000000
00000000000
00000000000
0000002121f
00000000000
00000000000
00000000000
00000000000
00000000000
0000002222f
00000000000
00000000000
00000000000
00000000000
00000000000
0000002323f
00000000000
00000000000
00000000000
00000000000
00000000000
0000002424f
00000000000
00000000000
00000000000
00000000000
00000000000
0000002525f
00000000000
00000000000
00000000000
00000000000
00000000000
0000002626f
00000000000
00000000000
00000000000
00000000000
00000000000
0000002727f
00000000000
00000000000
00000000000
00000000000
00000000000
0000002828f
00000000000
00000000000
00000000000
00000000000
00000000000
0000002929f
00000000000
00000000000
00000000000
00000000000
00000000000
0000002a2af
00000000000
00000000000
00000000000
00000000000
00000000000
0000002b2bf
00000000000
00000000000
00000000000
00000000000
00000000000
0000002c2cf
00000000000
00000000000
00000000000
00000000000
00000000000
0000002d2df
00000000000
00000000000
00000000000
00000000000
00000000000
0000002e2ef
00000000000
00000000000
00000000000
00000000000
00000000000
0000002f2ff
00000000000
00000000000
00000000000
00000000000
00000000000
0000003030f
00000000000
00000000000
00000000000
00000000000
00000000000
0000003131f
00000000000
00000000000
00000000000
00000000000
00000000000
0000003232f
00000000000
00000000000
00000000000
00000000000
00000000000
0000003333f
00000000000
00000000000
00000000000
00000000000
00000000000
0000003434f
00000000000
00000000000
00000000000
00000000000
00000000000
0000003535f
00000000000
00000000000
00000000000
00000000000
00000000000
0000003636f
00000000000
00000000000
00000000000
00000000000
00000000000
0000003737f
00000000000
00000000000
00000000000
00000000000
00000000000
0000003838f
00000000000
00000000000
00000000000
00000000000
00000000000
0000003939f
00000000000
00000000000
00000000000
00000000000
00000000000
0000003a3af
00000000000
00000000000
00000000000
00000000000
00000000000
0000003b3bf
00000000000
00000000000
00000000000
00000000000
00000000000
0000003c3cf
00000000000
00000000000
00000000000
00000000000
00000000000
0000003d3df
00000000000
00000000000
00000000000
00000000000
00000000000
0000003e3ef
00000000000
00000000000
00000000000
00000000000
00000000000
0000003f3ff
00000000000
00000000000
00000000000
00000000000
00000000000
00000000000
00000000000
00000000000
00000000000
00000000000
00000000000
00000000000
00000000000
00000000000
00000000000
00000000000
00000000000
00000000000
00000000000
00000000000
00000000000
00000000000
00000000000
00000000000
00000000000
00000000000
00000000000
00000000000
00000000000
00000000000
00000000000
00000000000
00000000000
00000000000
00000000000
00000000000
00000000000
00000000000
00000000000
00000000000
00000000000
00000000000
00000000000
00000000000
00000000000
00000000000
00000000000
00000000000
00000000000
00000000000
00000000000
00000000000
00000000000
00000000000
00000000000
00000000000
00000000000
00000000000
00000000000
00000000000
00000000000
00000000000
00000000000
00000000000
00000000000
00000000000
00000000000
00000000000
00000000000
00000000000
00000000000
00000000000
00000000000
00000000000
00000000000
00000000000
00000000000
00000000000
00000000000
00000000000
00000000000
00000000000
00000000000
00000000000
00000000000
00000000000
00000000000
00000000000
00000000000
00000000000
00000000000
00000000000
00000000000
00000000000
00000000000
00000000000
00000000000
00000000000
00000000000
00000000000
00000000000
00000000000
00000000000
00000000000
00000000000
00000000000
00000000000
00000000000
00000000000
00000000000
00000000000
00000000000
00000000000
00000000000
00000000000
00000000000
00000000000
00000000000
00000000000
00000000000
00000000000
00000000000
00000000000
00000000000
00000000000
00000000000
00000000000
00000000000
00000000000
00000000000
00000000000
00000000000
00000000000
00000000000
00000000000
00000000000
00000000000
00000000000
00000000000
00000000000
00000000000
00000000000
00000000000
00000000000
00000000000
00000000000
00000000000
00000000000
00000000000
00000000000
00000000000
00000000000
00000000000
00000000000
00000000000
00000000000
00000000000
00000000000
00000000000
00000000000
00000000000
00000000000
00000000000
00000000000
00000000000
00000000000
00000000000
00000000000
00000000000
00000000000
00000000000
00000000000
00000000000
00000000000
00000000000
00000000000
00000000000
00000000000
00000000000
00000000000
00000000000
00000000000
00000000000
00000000000
00000000000
00000000000
00000000000
00000000000
00000000000
00000000000
00000000000
00000000000
00000000000
00000000000
00000000000
00000000000
00000000000
00000000000
00000000000
00000000000
00000000000
00000000000
00000000000
00000000000
00000000000
00000000000
00000000000
00000000000
00000000000
00000000000
00000000000
00000000000
00000000000
00000000000
00000000000
00000000000
00000000000
00000000000
00000000000
00000000000
00000000000
00000000000
00000000000
00000000000
00000000000
00000000000
00000000000
00000000000
00000000000
00000000000
00000000000
00000000000
00000000000
00000000000
00000000000
00000000000
00000000000
00000000000
00000000000
00000000000
00000000000
00000000000
00000000000
00000000000
00000000000
00000000000
00000000000
00000000000
00000000000
00000000000
00000000000
00000000000
00000000000
00000000000
00000000000
00000000000
00000000000
00000000000
00000000000
00000000000
00000000000
00000000000
00000000000
00000000000
00000000000
00000000000
00000000000
00000000000
00000000000
00000000000
00000000000
00000000000
00000000000
00000000000
00000000000
00000000000
00000000000
00000000000
00000000000
00000000000
00000000000
00000000000
00000000000
00000000000
00000000000
00000000000
00000000000
00000000000
00000000000
00000000000
00000000000
00000000000
00000000000
00000000000
00000000000
00000000000
00000000000
00000000000
00000000000
00000000000
00000000000
00000000000
00000000000
00000000000
00000000000
00000000000
00000000000
00000000000
00000000000
00000000000
00000000000
00000000000
00000000000
00000000000
00000000000
00000000000
00000000000
00000000000
00000000000
00000000000
00000000000
00000000000
00000000000
00000000000
00000000000
00000000000
00000000000
00000000000
00000000000
00000000000
00000000000
00000000000
00000000000
00000000000
00000000000
00000000000
00000000000
00000000000
00000000000
00000000000
00000000000
00000000000
00000000000
00000000000
00000000000
00000000000
00000000000
00000000000
00000000000
00000000000
00000000000
00000000000
00000000000
00000000000
00000000000
00000000000
00000000000
00000000000
00000000000
00000000000
00000000000
00000000000
00000000000
00000000000
00000000000
00000000000
00000000000
00000000000
00000000000
00000000000
00000000000
00000000000
00000000000
00000000000
00000000000
00000000000
00000000000
00000000000
00000000000
00000000000
00000000000
00000000000
00000000000
00000000000
00000000000
00000000000
00000000000
00000000000
00000000000
00000000000
00000000000
00000000000
00000000000
00000000000
0000004000f
00000000000
00000000000
00000000000
00000000000
00000000000
0000004101f
00000000000
00000000000
00000000000
00000000000
00000000000
0000004202f
00000000000
00000000000
00000000000
00000000000
00000000000
0000004303f
00000000000
00000000000
00000000000
00000000000
00000000000
0000004404f
00000000000
00000000000
00000000000
00000000000
00000000000
0000004505f
00000000000
00000000000
00000000000
00000000000
00000000000
0000004606f
00000000000
00000000000
00000000000
00000000000
00000000000
0000004707f
00000000000
00000000000
00000000000
00000000000
00000000000
0000004808f
00000000000
00000000000
00000000000
00000000000
00000000000
0000004909f
00000000000
00000000000
00000000000
00000000000
00000000000
0000004a0af
00000000000
00000000000
00000000000
00000000000
00000000000
0000004b0bf
00000000000
00000000000
00000000000
00000000000
00000000000
0000004c0cf
00000000000
00000000000
00000000000
00000000000
00000000000
0000004d0df
00000000000
00000000000
00000000000
00000000000
00000000000
0000004e0ef
00000000000
00000000000
00000000000
00000000000
00000000000
0000004f0ff
00000000000
00000000000
00000000000
00000000000
00000000000
0000005010f
00000000000
00000000000
00000000000
00000000000
00000000000
0000005111f
00000000000
00000000000
00000000000
00000000000
00000000000
0000005212f
00000000000
00000000000
00000000000
00000000000
00000000000
0000005313f
00000000000
00000000000
00000000000
00000000000
00000000000
0000005414f
00000000000
00000000000
00000000000
00000000000
00000000000
0000005515f
00000000000
00000000000
00000000000
00000000000
00000000000
0000005616f
00000000000
00000000000
00000000000
00000000000
00000000000
0000005717f
00000000000
00000000000
00000000000
00000000000
00000000000
0000005818f
00000000000
00000000000
00000000000
00000000000
00000000000
0000005919f
00000000000
00000000000
00000000000
00000000000
00000000000
0000005a1af
00000000000
00000000000
00000000000
00000000000
00000000000
0000005b1bf
00000000000
00000000000
00000000000
00000000000
00000000000
0000005c1cf
00000000000
00000000000
00000000000
00000000000
00000000000
0000005d1df
00000000000
00000000000
00000000000
00000000000
00000000000
0000005e1ef
00000000000
00000000000
00000000000
00000000000
00000000000
0000005f1ff
00000000000
00000000000
00000000000
00000000000
00000000000
0000006020f
00000000000
00000000000
00000000000
00000000000
00000000000
0000006121f
00000000000
00000000000
00000000000
00000000000
00000000000
0000006222f
00000000000
00000000000
00000000000
00000000000
00000000000
0000006323f
00000000000
00000000000
00000000000
00000000000
00000000000
0000006424f
00000000000
00000000000
00000000000
00000000000
00000000000
0000006525f
00000000000
00000000000
00000000000
00000000000
00000000000
0000006626f
00000000000
00000000000
00000000000
00000000000
00000000000
0000006727f
00000000000
00000000000
00000000000
00000000000
00000000000
0000006828f
00000000000
00000000000
00000000000
00000000000
00000000000
0000006929f
00000000000
00000000000
00000000000
00000000000
00000000000
0000006a2af
00000000000
00000000000
00000000000
00000000000
00000000000
0000006b2bf
00000000000
00000000000
00000000000
00000000000
00000000000
0000006c2cf
00000000000
00000000000
00000000000
00000000000
00000000000
0000006d2df
00000000000
00000000000
00000000000
00000000000
00000000000
0000006e2ef
00000000000
00000000000
00000000000
00000000000
00000000000
0000006f2ff
00000000000
00000000000
00000000000
00000000000
00000000000
0000007030f
00000000000
00000000000
00000000000
00000000000
00000000000
0000007131f
00000000000
00000000000
00000000000
00000000000
00000000000
0000007232f
00000000000
00000000000
00000000000
00000000000
00000000000
0000007333f
00000000000
00000000000
00000000000
00000000000
00000000000
0000007434f
00000000000
00000000000
00000000000
00000000000
00000000000
0000007535f
00000000000
00000000000
00000000000
00000000000
00000000000
0000007636f
00000000000
00000000000
00000000000
00000000000
00000000000
0000007737f
00000000000
00000000000
00000000000
00000000000
00000000000
0000007838f
00000000000
00000000000
00000000000
00000000000
00000000000
0000007939f
00000000000
00000000000
00000000000
00000000000
00000000000
0000007a3af
00000000000
00000000000
00000000000
00000000000
00000000000
0000007b3bf
00000000000
00000000000
00000000000
00000000000
00000000000
0000007c3cf
00000000000
00000000000
00000000000
00000000000
00000000000
0000007d3df
00000000000
00000000000
00000000000
00000000000
00000000000
0000007e3ef
00000000000
00000000000
00000000000
00000000000
00000000000
0000007f3ff
00000000000
