00000000
00000000
00000000
00000000
00000000
00000000
00000000
00000000
00000000
00000000
00000000
00802004
00000000
00a06044
00000000
02822204
00000000
02a26244
00000000
00000000
00c0a084
04842404
04a46444
00000000
02c2a284
06862604
06a66644
00000000
08882804
04c4a484
00000000
00000000
0a8a2a04
06c6a684
00000000
08a86844
00000000
00000000
00000000
00000000
00000000
00000000
08c8a884
0aaa6a44
00000000
00000000
00000000
00000000
00000000
00000000
0acaaa84
0c8c2c04
00000000
00000000
00000000
0cac6c44
0e8e2e04
00000000
00000000
0eae6e44
00000000
00000000
0cccac84
10903004
10b07044
00000000
0eceae84
12923204
00000000
00000000
12b27244
10d0b084
00000000
00000000
14943404
00000000
00000000
12d2b284
00000000
00000000
14b47444
16963604
016100e2
00000000
16b67644
00000000
00000000
00000000
14d4b484
18b87844
00000000
16d6b684
18983804
1a9a3a04
01814122
00000000
00000000
1aba7a44
00000000
18d8b884
00000000
01a18162
00000000
1c9c3c04
1adaba84
00000000
036302e2
00000000
1cbc7c44
1e9e3e04
00000000
00000000
1ebe7e44
00000000
00000000
1cdcbc84
00000000
00000000
03834322
1edebe84
00000000
00000000
00000000
00000000
00000000
03a38362
00000000
00000000
00000000
00000000
01e1c0c2
00000000
056504e2
00000000
00000000
00000000
00000000
00000000
00000000
00000000
00000000
00000000
05854522
00000000
00000000
00000000
00000000
00000000
00000000
05a58562
00000000
00802004
00000000
00000000
03e3c2c2
00000000
076706e2
00000000
00a06044
00000000
00000000
00000000
00000000
00000000
00000000
00c0a084
07874722
00000000
00000000
00000000
00000000
00000000
00000000
07a78762
00000000
02822204
00000000
00000000
05e5c4c2
00000000
096908e2
00000000
02a26244
00000000
00000000
00000000
00000000
00000000
00000000
02c2a284
09894922
00000000
00000000
00000000
00000000
00000000
00000000
09a98962
00000000
04842404
00000000
00000000
07e7c6c2
00000000
0b6b0ae2
00000000
04a46444
00000000
00000000
00000000
00000000
00000000
00000000
04c4a484
0b8b4b22
00000000
00000000
00000000
00000000
00000000
00000000
0bab8b62
00000000
06862604
00000000
00000000
09e9c8c2
00000000
0d6d0ce2
00000000
06a66644
00000000
00000000
00000000
00000000
00000000
00000000
06c6a684
0d8d4d22
00000000
00000000
00000000
00000000
00000000
00000000
0dad8d62
00000000
08882804
00000000
00000000
0bebcac2
00000000
0f6f0ee2
00000000
08a86844
00000000
00000000
00000000
00000000
00000000
00000000
08c8a884
0f8f4f22
00000000
00000000
00000000
00000000
00000000
00000000
0faf8f62
00000000
0a8a2a04
00000000
00000000
0dedccc2
00000000
117110e2
00000000
0aaa6a44
00000000
00000000
00000000
00000000
00000000
00000000
0acaaa84
11915122
00000000
00000000
00000000
00000000
00000000
00000000
11b19162
00000000
0c8c2c04
00000000
00000000
0fefcec2
00000000
137312e2
00000000
0cac6c44
00000000
00000000
00000000
00000000
00000000
00000000
0cccac84
13935322
00000000
00000000
00000000
00000000
00000000
00000000
13b39362
00000000
0e8e2e04
00000000
00000000
11f1d0c2
00000000
157514e2
00000000
0eae6e44
00000000
00000000
00000000
00000000
00000000
00000000
0eceae84
15955522
00000000
00000000
00000000
00000000
00000000
00000000
15b59562
00000000
10903004
00000000
00000000
13f3d2c2
00000000
177716e2
00000000
10b07044
00000000
00000000
00000000
00000000
00000000
00000000
10d0b084
17975722
00000000
00000000
00000000
00000000
00000000
00000000
17b79762
00000000
12923204
00000000
00000000
15f5d4c2
00000000
197918e2
00000000
12b27244
00000000
00000000
00000000
00000000
00000000
00000000
12d2b284
19995922
00000000
00000000
00000000
00000000
00000000
00000000
19b99962
00000000
14943404
00000000
00000000
17f7d6c2
00000000
1b7b1ae2
00000000
14b47444
00000000
00000000
00000000
00000000
00000000
00000000
14d4b484
1b9b5b22
00000000
00000000
00000000
00000000
00000000
00000000
1bbb9b62
16963604
00000000
16b67644
00000000
19f9d8c2
00000000
1d7d1ce2
00000000
00000000
00000000
16d6b684
00000000
00000000
00000000
00000000
00000000
1d9d5d22
00000000
00000000
00000000
00000000
00000000
00000000
1dbd9d62
00000000
18983804
00000000
00000000
1bfbdac2
00000000
1f7f1ee2
18b87844
00000000
00000000
00000000
00000000
00000000
00000000
18d8b884
00000000
1f9f5f22
00000000
00000000
00000000
00000000
00000000
00000000
1fbf9f62
1a9a3a04
00000000
1aba7a44
00000000
1dfddcc2
00000000
016100e2
00000000
00000000
00000000
1adaba84
00000000
00000000
00000000
00000000
00000000
01814122
00000000
00000000
00000000
00000000
00000000
00000000
01a18162
00000000
1c9c3c04
00000000
00000000
1fffdec2
00000000
036302e2
1cbc7c44
00000000
00000000
00000000
00000000
00000000
00000000
1cdcbc84
00000000
03834322
00000000
00000000
00000000
00000000
00000000
00000000
03a38362
1e9e3e04
00000000
1ebe7e44
00000000
01e1c0c2
00000000
056504e2
00000000
00000000
00000000
1edebe84
00000000
00000000
00000000
00000000
00000000
05854522
00000000
00000000
00000000
00000000
00000000
00000000
05a58562
00000000
00802004
00000000
00000000
03e3c2c2
00000000
076706e2
00a06044
00000000
00000000
00000000
00000000
00000000
00000000
00c0a084
00000000
07874722
00000000
00000000
00000000
00000000
00000000
00000000
07a78762
02822204
00000000
02a26244
00000000
05e5c4c2
00000000
096908e2
00000000
00000000
00000000
02c2a284
00000000
00000000
00000000
00000000
00000000
09894922
00000000
00000000
00000000
00000000
00000000
00000000
09a98962
00000000
04842404
00000000
00000000
07e7c6c2
00000000
0b6b0ae2
04a46444
00000000
00000000
00000000
00000000
00000000
00000000
04c4a484
00000000
0b8b4b22
00000000
00000000
00000000
00000000
00000000
00000000
0bab8b62
06862604
00000000
06a66644
00000000
09e9c8c2
00000000
0d6d0ce2
00000000
00000000
00000000
06c6a684
00000000
00000000
00000000
00000000
00000000
0d8d4d22
00000000
00000000
00000000
00000000
00000000
00000000
0dad8d62
00000000
08882804
00000000
00000000
0bebcac2
00000000
0f6f0ee2
08a86844
00000000
00000000
00000000
00000000
00000000
00000000
08c8a884
00000000
0f8f4f22
00000000
00000000
00000000
00000000
00000000
00000000
0faf8f62
0a8a2a04
00000000
0aaa6a44
00000000
0dedccc2
00000000
117110e2
00000000
00000000
00000000
0acaaa84
00000000
00000000
00000000
00000000
00000000
11915122
00000000
00000000
00000000
00000000
00000000
00000000
11b19162
00000000
0c8c2c04
00000000
00000000
0fefcec2
00000000
137312e2
0cac6c44
00000000
00000000
00000000
00000000
00000000
00000000
0cccac84
00000000
13935322
00000000
00000000
00000000
00000000
00000000
00000000
13b39362
0e8e2e04
00000000
0eae6e44
00000000
11f1d0c2
00000000
157514e2
00000000
00000000
00000000
0eceae84
00000000
00000000
00000000
00000000
00000000
15955522
00000000
00000000
00000000
00000000
00000000
00000000
15b59562
00000000
10903004
00000000
00000000
13f3d2c2
00000000
177716e2
10b07044
00000000
00000000
00000000
00000000
00000000
00000000
10d0b084
00000000
17975722
00000000
00000000
00000000
00000000
00000000
00000000
17b79762
12923204
00000000
12b27244
00000000
15f5d4c2
00000000
197918e2
00000000
00000000
00000000
12d2b284
00000000
00000000
00000000
00000000
00000000
19995922
00000000
00000000
00000000
00000000
00000000
00000000
19b99962
00000000
14943404
00000000
00000000
17f7d6c2
00000000
1b7b1ae2
14b47444
00000000
00000000
00000000
00000000
00000000
00000000
14d4b484
00000000
1b9b5b22
00000000
00000000
00000000
00000000
00000000
00000000
1bbb9b62
16963604
00000000
16b67644
00000000
19f9d8c2
00000000
1d7d1ce2
00000000
00000000
00000000
16d6b684
00000000
00000000
00000000
00000000
00000000
1d9d5d22
00000000
00000000
00000000
00000000
00000000
00000000
1dbd9d62
00000000
18983804
00000000
00000000
1bfbdac2
00000000
1f7f1ee2
18b87844
00000000
00000000
00000000
00000000
00000000
00000000
18d8b884
00000000
1f9f5f22
00000000
00000000
00000000
00000000
00000000
00000000
1fbf9f62
1a9a3a04
00000000
1aba7a44
00000000
1dfddcc2
00000000
016100e2
00000000
00000000
00000000
1adaba84
00000000
00000000
00000000
00000000
00000000
01814122
00000000
00000000
00000000
00000000
00000000
00000000
01a18162
00000000
1c9c3c04
00000000
00000000
1fffdec2
00000000
036302e2
1cbc7c44
00000000
00000000
00000000
00000000
00000000
00000000
1cdcbc84
00000000
03834322
00000000
00000000
00000000
00000000
00000000
00000000
03a38362
1e9e3e04
00000000
1ebe7e44
00000000
01e1c0c2
00000000
056504e2
00000000
00000000
00000000
1edebe84
00000000
00000000
00000000
00000000
00000000
05854522
00000000
00000000
00000000
00000000
00000000
00000000
05a58562
00000000
00802004
00000000
00000000
03e3c2c2
00000000
076706e2
00a06044
00000000
00000000
00000000
00000000
00000000
00000000
00c0a084
00000000
07874722
00000000
00000000
00000000
00000000
00000000
00000000
07a78762
02822204
00000000
02a26244
00000000
05e5c4c2
00000000
096908e2
00000000
00000000
00000000
02c2a284
00000000
00000000
00000000
00000000
00000000
09894922
00000000
00000000
00000000
00000000
00000000
00000000
09a98962
00000000
04842404
00000000
00000000
07e7c6c2
00000000
0b6b0ae2
04a46444
00000000
00000000
00000000
00000000
00000000
00000000
04c4a484
00000000
0b8b4b22
00000000
00000000
00000000
00000000
00000000
00000000
0bab8b62
06862604
00000000
06a66644
00000000
09e9c8c2
00000000
0d6d0ce2
00000000
00000000
00000000
06c6a684
00000000
00000000
00000000
00000000
00000000
0d8d4d22
00000000
00000000
00000000
00000000
00000000
00000000
0dad8d62
00000000
08882804
00000000
00000000
0bebcac2
00000000
0f6f0ee2
08a86844
00000000
00000000
00000000
00000000
00000000
00000000
08c8a884
00000000
0f8f4f22
00000000
00000000
00000000
00000000
00000000
00000000
0faf8f62
0a8a2a04
00000000
0aaa6a44
00000000
0dedccc2
00000000
117110e2
00000000
00000000
00000000
0acaaa84
00000000
00000000
00000000
00000000
00000000
11915122
00000000
00000000
00000000
00000000
00000000
00000000
11b19162
00000000
0c8c2c04
00000000
00000000
0fefcec2
00000000
137312e2
0cac6c44
00000000
00000000
00000000
00000000
00000000
00000000
0cccac84
00000000
13935322
00000000
00000000
00000000
00000000
00000000
00000000
13b39362
0e8e2e04
00000000
0eae6e44
00000000
11f1d0c2
00000000
157514e2
00000000
00000000
00000000
0eceae84
00000000
00000000
00000000
00000000
00000000
15955522
00000000
00000000
00000000
00000000
00000000
00000000
15b59562
00000000
10903004
00000000
00000000
13f3d2c2
00000000
177716e2
10b07044
00000000
00000000
00000000
00000000
00000000
00000000
10d0b084
00000000
17975722
00000000
00000000
00000000
00000000
00000000
00000000
17b79762
12923204
00000000
12b27244
00000000
15f5d4c2
00000000
197918e2
00000000
00000000
00000000
12d2b284
00000000
00000000
00000000
00000000
00000000
19995922
00000000
00000000
00000000
00000000
00000000
00000000
19b99962
00000000
14943404
00000000
00000000
17f7d6c2
00000000
1b7b1ae2
14b47444
00000000
00000000
00000000
00000000
00000000
00000000
14d4b484
00000000
1b9b5b22
00000000
00000000
00000000
00000000
00000000
00000000
1bbb9b62
16963604
00000000
16b67644
00000000
19f9d8c2
00000000
1d7d1ce2
00000000
00000000
00000000
16d6b684
00000000
00000000
00000000
00000000
00000000
1d9d5d22
00000000
00000000
00000000
00000000
00000000
00000000
1dbd9d62
00000000
18983804
00000000
00000000
1bfbdac2
00000000
1f7f1ee2
18b87844
00000000
00000000
00000000
00000000
00000000
00000000
18d8b884
00000000
1f9f5f22
00000000
00000000
00000000
00000000
00000000
00000000
1fbf9f62
1a9a3a04
00000000
1aba7a44
00000000
1dfddcc2
00000000
016100e2
00000000
00000000
00000000
1adaba84
00000000
00000000
00000000
00000000
00000000
01814122
00000000
00000000
00000000
00000000
00000000
00000000
01a18162
00000000
1c9c3c04
00000000
00000000
1fffdec2
00000000
036302e2
1cbc7c44
00000000
00000000
00000000
00000000
00000000
00000000
1cdcbc84
00000000
03834322
00000000
00000000
00000000
00000000
00000000
00000000
03a38362
1e9e3e04
00000000
1ebe7e44
00000000
01e1c0c2
00000000
056504e2
00000000
00000000
00000000
1edebe84
00000000
00000000
00000000
00000000
00000000
05854522
00000000
00000000
00000000
00000000
00000000
00000000
05a58562
00000000
00000000
00000000
00000000
03e3c2c2
00000000
076706e2
00000000
00000000
00000000
00000000
00000000
00000000
00000000
00000000
00000000
07874722
00000000
00000000
00000000
00000000
00000000
00000000
07a78762
00000000
00000000
00000000
00000000
05e5c4c2
00000000
096908e2
00000000
00000000
00000000
00000000
00000000
00000000
00000000
00000000
00000000
09894922
00000000
00000000
00000000
00000000
00000000
00000000
09a98962
00000000
00000000
00000000
00000000
07e7c6c2
00000000
0b6b0ae2
00000000
00000000
00000000
00000000
00000000
00000000
00000000
00000000
00000000
0b8b4b22
00000000
00000000
00000000
00000000
00000000
00000000
0bab8b62
00000000
00000000
00000000
00000000
09e9c8c2
00000000
0d6d0ce2
00000000
00000000
00000000
00000000
00000000
00000000
00000000
00000000
00000000
0d8d4d22
00000000
00000000
00000000
00000000
00000000
00000000
0dad8d62
00000000
00000000
00000000
00000000
0bebcac2
00000000
0f6f0ee2
00000000
00000000
00000000
00000000
00000000
00000000
00000000
00000000
00000000
0f8f4f22
00000000
00000000
00000000
00000000
00000000
00000000
0faf8f62
00000000
00000000
00000000
00000000
0dedccc2
00000000
117110e2
00000000
00000000
00000000
00000000
00000000
00000000
00000000
00000000
00000000
11915122
00000000
00000000
00000000
00000000
00000000
00000000
11b19162
00000000
00000000
00000000
00000000
0fefcec2
00000000
137312e2
00000000
00000000
00000000
00000000
00000000
00000000
00000000
00000000
00000000
13935322
00000000
00000000
00000000
00000000
00000000
00000000
13b39362
00000000
00000000
00000000
00000000
11f1d0c2
00000000
157514e2
00000000
00000000
00000000
00000000
00000000
00000000
00000000
00000000
00000000
15955522
00000000
00000000
00000000
00000000
00000000
00000000
15b59562
00000000
00000000
00000000
00000000
13f3d2c2
00000000
177716e2
00000000
00000000
00000000
00000000
00000000
00000000
00000000
00000000
00000000
17975722
00000000
00000000
00000000
00000000
00000000
00000000
17b79762
00000000
00000000
00000000
00000000
15f5d4c2
00000000
197918e2
00000000
00000000
00000000
00000000
00000000
00000000
00000000
00000000
00000000
19995922
00000000
00000000
00000000
00000000
00000000
00000000
19b99962
00000000
00000000
00000000
00000000
17f7d6c2
00000000
1b7b1ae2
00000000
00000000
00000000
00000000
00000000
00000000
00000000
00000000
00000000
1b9b5b22
00000000
00000000
00000000
00000000
00000000
00000000
1bbb9b62
00000000
00000000
00000000
00000000
19f9d8c2
00000000
1d7d1ce2
00000000
00000000
00000000
00000000
00000000
00000000
00000000
00000000
00000000
1d9d5d22
00000000
00000000
00000000
00000000
00000000
00000000
1dbd9d62
00000000
00000000
00000000
00000000
1bfbdac2
00000000
1f7f1ee2
00000000
00000000
00000000
00000000
00000000
00000000
00000000
00000000
00000000
1f9f5f22
00000000
00000000
00000000
00000000
00000000
00000000
1fbf9f62
00000000
00000000
00000000
00000000
1dfddcc2
00000000
00000000
00000000
00000000
00000000
00000000
00000000
00000000
00000000
00000000
00000000
00000000
00000000
00000000
00000000
00000000
00000000
00000000
00000000
00000000
00000000
00000000
00000000
1fffdec2
00000000
00000000
00000000
00000000
00000000
00000000
00000000
00000000
00000000
