00000000
00000000
00000000
00000000
00000000
00000000
00000000
00000000
00000000
00000000
00000000
00000000
00000000
00000000
00000000
00000000
00000000
00000000
00000000
00000000
00000000
00000000
00000000
00000000
00000000
00000000
00000000
00000000
00000000
00000000
00000000
00000000
00000000
00000000
40a09041
00000000
00000000
00000000
40e0d041
00000000
00000000
00000000
41211041
00000000
00000000
00000000
41615041
00000000
00000000
00000000
42221041
00000000
00000000
00000000
42625041
00000000
00000000
00000000
42a29041
00000000
00000000
00000000
42e2d041
00000000
00000000
00000000
43a39041
00000000
00000000
00000000
43e3d041
00000000
00000000
00000000
44241041
00000000
00000000
00000000
44645041
00000000
00000000
00000000
45251041
00000000
00000000
00000000
45655041
00000000
00000000
00000000
00000000
00000000
00000000
00000000
00000000
00000000
00000000
00000000
00000000
00000000
41c1a009
00000000
00000000
00000000
00000000
00000000
00000000
00000000
00000000
00000000
00000000
00000000
00000000
00000000
45a59041
00000000
43c3a009
00000000
45e5d041
00000000
00000000
00000000
46a69041
00000000
00000000
00000000
46e6d041
00000000
00000000
00000000
47271041
00000000
45c5a009
00000000
47675041
00000000
00000000
00000000
48281041
00000000
00000000
00000000
48685041
00000000
00000000
00000000
48a89041
00000000
00000000
00000000
48e8d041
00000000
00000000
00000000
49a99041
00000000
00000000
00000000
49e9d041
00000000
00000000
00000000
00000000
00000000
00000000
00000000
00000000
00000000
00000000
00000000
00000000
00000000
47c7a009
00000000
00000000
00000000
00000000
00000000
00000000
00000000
00000000
00000000
00000000
00000000
00000000
00000000
4a2a1041
00000000
49c9a009
00000000
4a6a5041
00000000
00000000
00000000
4b2b1041
00000000
00000000
00000000
4b6b5041
00000000
00000000
00000000
4bab9041
00000000
4bcba009
00000000
4bebd041
00000000
00000000
00000000
4cac9041
00000000
00000000
00000000
4cecd041
00000000
00000000
00000000
4d2d1041
00000000
00000000
00000000
4d6d5041
00000000
00000000
00000000
4e2e1041
00000000
00000000
00000000
4e6e5041
00000000
00000000
00000000
00000000
00000000
00000000
00000000
00000000
00000000
00000000
00000000
00000000
00000000
4dcda009
00000000
00000000
00000000
00000000
00000000
00000000
00000000
00000000
00000000
00000000
00000000
00000000
00000000
4eae9041
00000000
4fcfa009
00000000
4eeed041
00000000
00000000
00000000
4faf9041
00000000
00000000
00000000
4fefd041
00000000
00000000
00000000
50301041
00000000
51d1a009
00000000
50705041
00000000
00000000
00000000
51311041
00000000
00000000
00000000
51715041
00000000
00000000
00000000
51b19041
00000000
00000000
00000000
51f1d041
00000000
00000000
00000000
52b29041
00000000
00000000
00000000
52f2d041
00000000
00000000
00000000
00000000
00000000
00000000
00000000
00000000
00000000
00000000
00000000
00000000
00000000
53d3a009
00000000
00000000
00000000
00000000
00000000
00000000
00000000
00000000
00000000
00000000
00000000
00000000
00000000
53331041
00000000
55d5a009
00000000
53735041
00000000
00000000
00000000
54341041
00000000
00000000
00000000
54745041
00000000
00000000
00000000
54b49041
00000000
57d7a009
00000000
54f4d041
00000000
00000000
00000000
55b59041
00000000
00000000
00000000
55f5d041
00000000
00000000
00000000
56361041
00000000
00000000
00000000
56765041
00000000
00000000
00000000
57371041
00000000
00000000
00000000
57775041
00000000
00000000
00000000
00000000
00000000
00000000
00000000
00000000
00000000
00000000
00000000
00000000
00000000
59d9a009
00000000
00000000
00000000
00000000
00000000
00000000
00000000
00000000
00000000
00000000
00000000
00000000
00000000
57b79041
00000000
5bdba009
00000000
57f7d041
00000000
00000000
00000000
58b89041
00000000
00000000
00000000
58f8d041
00000000
00000000
00000000
59391041
00000000
5ddda009
00000000
59795041
00000000
00000000
00000000
5a3a1041
00000000
00000000
00000000
5a7a5041
00000000
00000000
00000000
5aba9041
00000000
00000000
00000000
5afad041
00000000
00000000
00000000
5bbb9041
00000000
00000000
00000000
5bfbd041
00000000
00000000
00000000
00000000
00000000
00000000
00000000
00000000
00000000
00000000
00000000
00000000
00000000
5fdfa009
00000000
00000000
00000000
00000000
00000000
00000000
00000000
00000000
00000000
00000000
00000000
00000000
00000000
5c3c1041
00000000
41c1a009
00000000
5c7c5041
00000000
00000000
00000000
5d3d1041
00000000
00000000
00000000
5d7d5041
00000000
00000000
00000000
5dbd9041
00000000
43c3a009
00000000
5dfdd041
00000000
00000000
00000000
5ebe9041
00000000
00000000
00000000
5efed041
00000000
00000000
00000000
5f3f1041
00000000
00000000
00000000
5f7f5041
00000000
00000000
00000000
40201041
00000000
00000000
00000000
40605041
00000000
00000000
00000000
00000000
00000000
00000000
00000000
00000000
00000000
00000000
00000000
00000000
00000000
45c5a009
00000000
00000000
00000000
00000000
00000000
00000000
00000000
00000000
00000000
00000000
00000000
00000000
00000000
40a09041
00000000
47c7a009
00000000
40e0d041
00000000
00000000
00000000
41a19041
00000000
00000000
00000000
41e1d041
00000000
00000000
00000000
42221041
00000000
49c9a009
00000000
42625041
00000000
00000000
00000000
43231041
00000000
00000000
00000000
43635041
00000000
00000000
00000000
43a39041
00000000
00000000
00000000
43e3d041
00000000
00000000
00000000
44a49041
00000000
00000000
00000000
44e4d041
00000000
00000000
00000000
00000000
00000000
00000000
00000000
00000000
00000000
00000000
00000000
00000000
00000000
4bcba009
00000000
00000000
00000000
00000000
00000000
00000000
00000000
00000000
00000000
00000000
00000000
00000000
00000000
45251041
00000000
4dcda009
00000000
45655041
00000000
00000000
00000000
46261041
00000000
00000000
00000000
46665041
00000000
00000000
00000000
46a69041
00000000
4fcfa009
00000000
46e6d041
00000000
00000000
00000000
47a79041
00000000
00000000
00000000
47e7d041
00000000
00000000
00000000
48281041
00000000
00000000
00000000
48685041
00000000
00000000
00000000
49291041
00000000
00000000
00000000
49695041
00000000
00000000
00000000
00000000
00000000
00000000
00000000
00000000
00000000
00000000
00000000
00000000
00000000
51d1a009
00000000
00000000
00000000
00000000
00000000
00000000
00000000
00000000
00000000
00000000
00000000
00000000
00000000
49a99041
00000000
53d3a009
00000000
49e9d041
00000000
00000000
00000000
4aaa9041
00000000
00000000
00000000
4aead041
00000000
00000000
00000000
4b2b1041
00000000
55d5a009
00000000
4b6b5041
00000000
00000000
00000000
4c2c1041
00000000
00000000
00000000
4c6c5041
00000000
00000000
00000000
4cac9041
00000000
00000000
00000000
4cecd041
00000000
00000000
00000000
4dad9041
00000000
00000000
00000000
4dedd041
00000000
00000000
00000000
00000000
00000000
00000000
00000000
00000000
00000000
00000000
00000000
00000000
00000000
57d7a009
00000000
00000000
00000000
00000000
00000000
00000000
00000000
00000000
00000000
00000000
00000000
00000000
00000000
4e2e1041
00000000
59d9a009
00000000
4e6e5041
00000000
00000000
00000000
4f2f1041
00000000
00000000
00000000
4f6f5041
00000000
00000000
00000000
4faf9041
00000000
5bdba009
00000000
4fefd041
00000000
00000000
00000000
50b09041
00000000
00000000
00000000
50f0d041
00000000
00000000
00000000
51311041
00000000
00000000
00000000
51715041
00000000
00000000
00000000
52321041
00000000
00000000
00000000
52725041
00000000
00000000
00000000
00000000
00000000
00000000
00000000
00000000
00000000
00000000
00000000
00000000
00000000
5ddda009
00000000
00000000
00000000
00000000
00000000
00000000
00000000
00000000
00000000
00000000
00000000
00000000
00000000
52b29041
00000000
5fdfa009
00000000
52f2d041
00000000
00000000
00000000
53b39041
00000000
00000000
00000000
53f3d041
00000000
00000000
00000000
54341041
00000000
41c1a009
00000000
54745041
00000000
00000000
00000000
55351041
00000000
00000000
00000000
55755041
00000000
00000000
00000000
55b59041
00000000
00000000
00000000
55f5d041
00000000
00000000
00000000
56b69041
00000000
00000000
00000000
56f6d041
00000000
00000000
00000000
00000000
00000000
00000000
00000000
00000000
00000000
00000000
00000000
00000000
00000000
43c3a009
00000000
00000000
00000000
00000000
00000000
00000000
00000000
00000000
00000000
00000000
00000000
00000000
00000000
57371041
00000000
45c5a009
00000000
57775041
00000000
00000000
00000000
58381041
00000000
00000000
00000000
58785041
00000000
00000000
00000000
58b89041
00000000
47c7a009
00000000
58f8d041
00000000
00000000
00000000
59b99041
00000000
00000000
00000000
59f9d041
00000000
00000000
00000000
5a3a1041
00000000
00000000
00000000
5a7a5041
00000000
00000000
00000000
5b3b1041
00000000
00000000
00000000
5b7b5041
00000000
00000000
00000000
00000000
00000000
00000000
00000000
00000000
00000000
00000000
00000000
00000000
00000000
49c9a009
00000000
00000000
00000000
00000000
00000000
00000000
00000000
00000000
00000000
00000000
00000000
00000000
00000000
5bbb9041
00000000
4bcba009
00000000
5bfbd041
00000000
00000000
00000000
5cbc9041
00000000
00000000
00000000
5cfcd041
00000000
00000000
00000000
5d3d1041
00000000
4dcda009
00000000
5d7d5041
00000000
00000000
00000000
5e3e1041
00000000
00000000
00000000
5e7e5041
00000000
00000000
00000000
5ebe9041
00000000
00000000
00000000
5efed041
00000000
00000000
00000000
5fbf9041
00000000
00000000
00000000
5fffd041
00000000
00000000
00000000
00000000
00000000
00000000
00000000
00000000
00000000
00000000
00000000
00000000
00000000
4fcfa009
00000000
00000000
00000000
00000000
00000000
00000000
00000000
00000000
00000000
00000000
00000000
00000000
00000000
40201041
00000000
51d1a009
00000000
40605041
00000000
00000000
00000000
41211041
00000000
00000000
00000000
41615041
00000000
00000000
00000000
41a19041
00000000
53d3a009
00000000
41e1d041
00000000
00000000
00000000
42a29041
00000000
00000000
00000000
42e2d041
00000000
00000000
00000000
43231041
00000000
00000000
00000000
43635041
00000000
00000000
00000000
44241041
00000000
00000000
00000000
44645041
00000000
00000000
00000000
00000000
00000000
00000000
00000000
00000000
00000000
00000000
00000000
00000000
00000000
55d5a009
00000000
00000000
00000000
00000000
00000000
00000000
00000000
00000000
00000000
00000000
00000000
00000000
00000000
44a49041
00000000
57d7a009
00000000
44e4d041
00000000
00000000
00000000
45a59041
00000000
00000000
00000000
45e5d041
00000000
00000000
00000000
46261041
00000000
59d9a009
00000000
46665041
00000000
00000000
00000000
47271041
00000000
00000000
00000000
47675041
00000000
00000000
00000000
47a79041
00000000
00000000
00000000
47e7d041
00000000
00000000
00000000
48a89041
00000000
00000000
00000000
48e8d041
00000000
00000000
00000000
00000000
00000000
00000000
00000000
00000000
00000000
00000000
00000000
00000000
00000000
5bdba009
00000000
00000000
00000000
00000000
00000000
00000000
00000000
00000000
00000000
00000000
00000000
00000000
00000000
49291041
00000000
5ddda009
00000000
49695041
00000000
00000000
00000000
4a2a1041
00000000
00000000
00000000
4a6a5041
00000000
00000000
00000000
4aaa9041
00000000
5fdfa009
00000000
4aead041
00000000
00000000
00000000
4bab9041
00000000
00000000
00000000
4bebd041
00000000
00000000
00000000
4c2c1041
00000000
00000000
00000000
4c6c5041
00000000
00000000
00000000
4d2d1041
00000000
00000000
00000000
4d6d5041
00000000
00000000
00000000
00000000
00000000
00000000
00000000
00000000
00000000
00000000
00000000
00000000
00000000
41c1a009
00000000
00000000
00000000
00000000
00000000
00000000
00000000
00000000
00000000
00000000
00000000
00000000
00000000
4dad9041
00000000
43c3a009
00000000
4dedd041
00000000
00000000
00000000
4eae9041
00000000
00000000
00000000
4eeed041
00000000
00000000
00000000
4f2f1041
00000000
45c5a009
00000000
4f6f5041
00000000
00000000
00000000
50301041
00000000
00000000
00000000
50705041
00000000
00000000
00000000
50b09041
00000000
00000000
00000000
50f0d041
00000000
00000000
00000000
51b19041
00000000
00000000
00000000
51f1d041
00000000
00000000
00000000
00000000
00000000
00000000
00000000
00000000
00000000
00000000
00000000
00000000
00000000
47c7a009
00000000
00000000
00000000
00000000
00000000
00000000
00000000
00000000
00000000
00000000
00000000
00000000
00000000
52321041
00000000
49c9a009
00000000
52725041
00000000
00000000
00000000
53331041
00000000
00000000
00000000
53735041
00000000
00000000
00000000
53b39041
00000000
4bcba009
00000000
53f3d041
00000000
00000000
00000000
54b49041
00000000
00000000
00000000
54f4d041
00000000
00000000
00000000
55351041
00000000
00000000
00000000
55755041
00000000
00000000
00000000
56361041
00000000
00000000
00000000
56765041
00000000
00000000
00000000
00000000
00000000
00000000
00000000
00000000
00000000
00000000
00000000
00000000
00000000
4dcda009
00000000
00000000
00000000
00000000
00000000
00000000
00000000
00000000
00000000
00000000
00000000
00000000
00000000
56b69041
00000000
4fcfa009
00000000
56f6d041
00000000
00000000
00000000
57b79041
00000000
00000000
00000000
57f7d041
00000000
00000000
00000000
58381041
00000000
51d1a009
00000000
58785041
00000000
00000000
00000000
59391041
00000000
00000000
00000000
59795041
00000000
00000000
00000000
59b99041
00000000
00000000
00000000
59f9d041
00000000
00000000
00000000
5aba9041
00000000
00000000
00000000
5afad041
00000000
00000000
00000000
00000000
00000000
00000000
00000000
00000000
00000000
00000000
00000000
00000000
00000000
53d3a009
00000000
00000000
00000000
00000000
00000000
00000000
00000000
00000000
00000000
00000000
00000000
00000000
00000000
5b3b1041
00000000
55d5a009
00000000
5b7b5041
00000000
00000000
00000000
5c3c1041
00000000
00000000
00000000
5c7c5041
00000000
00000000
00000000
5cbc9041
00000000
57d7a009
00000000
5cfcd041
00000000
00000000
00000000
5dbd9041
00000000
00000000
00000000
5dfdd041
00000000
00000000
00000000
5e3e1041
00000000
00000000
00000000
5e7e5041
00000000
00000000
00000000
5f3f1041
00000000
00000000
00000000
5f7f5041
00000000
00000000
00000000
00000000
00000000
00000000
00000000
00000000
00000000
00000000
00000000
00000000
00000000
59d9a009
00000000
00000000
00000000
00000000
00000000
00000000
00000000
00000000
00000000
00000000
00000000
00000000
00000000
5fbf9041
00000000
5bdba009
00000000
5fffd041
00000000
00000000
00000000
00000000
00000000
00000000
00000000
00000000
00000000
00000000
00000000
00000000
00000000
5ddda009
00000000
00000000
00000000
00000000
00000000
00000000
00000000
00000000
00000000
00000000
00000000
00000000
00000000
00000000
00000000
00000000
00000000
00000000
00000000
00000000
00000000
00000000
00000000
00000000
00000000
00000000
00000000
00000000
00000000
00000000
00000000
00000000
00000000
00000000
00000000
00000000
00000000
00000000
00000000
5fdfa009
00000000
00000000
00000000
00000000
00000000
00000000
00000000
00000000
00000000
00000000
00000000
00000000
00000000
00000000
00000000
00000000
00000000
00000000
00000000
00000000
00000000
00000000
00000000
00000000
00000000
00000000
00000000
00000000
00000000
00000000
00000000
