00000000
00000000
00000000
00000000
00000000
00000000
00000000
00000000
00000000
00000000
00000000
00402004
00000000
012100e4
00000000
0201e1c4
00000000
02e2c2a4
00000000
03c3a384
00000000
04a48464
00000000
05856544
00000000
00000000
00000000
00000000
00000000
00000000
00000000
00000000
00000000
00000000
00000000
00000000
00000000
00000000
00000000
06664624
00000000
07472704
00000000
082807e4
00000000
0908e8c4
00000000
09e9c9a4
00000000
0acaaa84
00000000
0bab8b64
00000000
00000000
00000000
0c8c6c44
00000000
00000000
00000000
0d6d4d24
0e4e2e04
00000000
00000000
0f2f0ee4
00000000
00000000
00000000
00000000
00000000
00000000
100fefc4
10f0d0a4
00000000
00a08062
00000000
11d1b184
12b29264
00000000
00000000
13937344
00000000
00000000
00000000
14745424
00000000
01816142
00000000
15553504
00000000
00000000
163615e4
00000000
00000000
00000000
1716f6c4
00000000
17f7d7a4
02624222
00000000
00000000
18d8b884
00000000
00000000
00000000
00000000
00000000
19b99964
1a9a7a44
00000000
03432302
00000000
1b7b5b24
00000000
00000000
00000000
00000000
00000000
00000000
00000000
00000000
00000000
042403e2
00000000
00000000
00000000
00000000
00000000
1c5c3c04
00000000
00000000
00000000
00000000
00000000
0504e4c2
00000000
00000000
00000000
00000000
00000000
1d3d1ce4
00000000
00000000
00000000
00000000
00000000
05e5c5a2
00000000
00000000
00000000
00000000
00000000
1e1dfdc4
00000000
00000000
00000000
00000000
00000000
06c6a682
00000000
00000000
00000000
00000000
00000000
1efedea4
00000000
00000000
00000000
00000000
00000000
07a78762
00000000
00000000
00000000
00000000
00000000
1fdfbf84
00000000
00000000
00000000
00000000
00000000
08886842
00000000
00000000
00000000
00000000
00000000
00a08064
00000000
00000000
00000000
00000000
00000000
09694922
00000000
00000000
00000000
00000000
00000000
01816144
00000000
00000000
00000000
00000000
00000000
0a4a2a02
00000000
00000000
00000000
00000000
00000000
02624224
00000000
00000000
00000000
00000000
00000000
0b2b0ae2
00000000
00000000
00000000
00000000
00000000
03432304
00000000
00000000
00000000
00000000
00000000
0c0bebc2
00000000
00000000
00000000
00000000
00000000
042403e4
00000000
00000000
00000000
00000000
00000000
0ceccca2
00000000
00000000
00000000
00000000
00000000
0504e4c4
00000000
00000000
00000000
00000000
00000000
0dcdad82
00000000
00000000
00000000
00000000
00000000
05e5c5a4
00000000
00000000
00000000
00000000
00000000
0eae8e62
00000000
00000000
00000000
00000000
00000000
06c6a684
00000000
00000000
00000000
00000000
00000000
0f8f6f42
00000000
00000000
00000000
00000000
00000000
07a78764
00000000
00000000
00000000
00000000
00000000
10705022
00000000
00000000
00000000
00000000
00000000
00000000
00000000
08886844
00000000
00000000
00000000
11513102
00000000
00000000
00000000
00000000
00000000
00000000
00000000
09694924
00000000
00000000
00000000
00000000
00000000
00000000
00000000
00000000
123211e2
00000000
00000000
00000000
00000000
00000000
00000000
00000000
00000000
00000000
00000000
00000000
00000000
00000000
00000000
00000000
00000000
00000000
00000000
00000000
0a4a2a04
00000000
0b2b0ae4
00000000
0c0bebc4
00000000
00000000
00000000
00000000
00000000
00000000
0ceccca4
00000000
00000000
00000000
00000000
00000000
00000000
00000000
00000000
00000000
00000000
00000000
00000000
1312f2c2
00000000
00000000
00000000
00000000
00000000
00000000
00000000
00000000
0dcdad84
00000000
00000000
13f3d3a2
00000000
00000000
00000000
00000000
00000000
00000000
00000000
00000000
00000000
00000000
00000000
14d4b482
00000000
00000000
00000000
00000000
00000000
00000000
00000000
00000000
00000000
00000000
00000000
15b59562
00000000
00000000
00000000
00000000
00000000
00000000
00000000
00000000
00000000
00000000
00000000
16967642
00000000
00000000
00000000
0eae8e64
00000000
00000000
00000000
00000000
00000000
00000000
00000000
17775722
00000000
00000000
00000000
0f8f6f44
00000000
00000000
00000000
00000000
00000000
00000000
00000000
18583802
00000000
00000000
00000000
10705024
00000000
00000000
00000000
00000000
00000000
00000000
00000000
193918e2
00000000
00000000
00000000
11513104
00000000
00000000
00000000
00000000
00000000
00000000
00000000
1a19f9c2
00000000
00000000
00000000
123211e4
00000000
00000000
00000000
00000000
00000000
00000000
00000000
1afadaa2
00000000
00000000
00000000
1312f2c4
00000000
00000000
00000000
00000000
00000000
00000000
00000000
1bdbbb82
00000000
00000000
00000000
13f3d3a4
00000000
00000000
00000000
00000000
00000000
00000000
00000000
1cbc9c62
00000000
00000000
00000000
14d4b484
00000000
00000000
00000000
00000000
00000000
00000000
00000000
1d9d7d42
00000000
00000000
00000000
15b59564
00000000
00000000
00000000
00000000
00000000
00000000
00000000
1e7e5e22
00000000
00000000
00000000
16967644
00000000
00000000
00000000
00000000
00000000
00000000
00000000
1f5f3f02
00000000
00000000
00000000
00000000
00000000
17775724
00000000
00000000
00000000
00000000
00000000
00201fe2
00000000
00000000
00000000
00000000
00000000
00000000
00000000
00000000
00000000
00000000
00000000
00000000
00000000
00000000
00000000
0100e0c2
00000000
00000000
00000000
00000000
00000000
00000000
00000000
00000000
00000000
00000000
00000000
00000000
00000000
00000000
00000000
00000000
00000000
00000000
00000000
00000000
00000000
00000000
00000000
00000000
00000000
00000000
00000000
00000000
00000000
00000000
00000000
00000000
00000000
00000000
00000000
00000000
00000000
00000000
00000000
00000000
00000000
00000000
01e1c1a2
00000000
00000000
00000000
00000000
00000000
00000000
00000000
00000000
00000000
00000000
00000000
00000000
02c2a282
00000000
00000000
00000000
00000000
00000000
00000000
00000000
00000000
00000000
00000000
00000000
03a38362
00000000
00000000
00000000
00000000
00000000
00000000
00000000
00000000
00000000
00000000
00000000
04846442
00000000
00000000
00000000
00000000
00000000
00000000
00000000
00000000
00000000
00000000
00000000
00000000
05654522
00000000
00000000
00000000
00000000
00000000
00000000
00000000
00000000
00000000
00000000
00000000
00000000
00000000
06462602
00000000
00000000
00000000
00000000
00000000
00000000
00000000
00000000
00000000
00000000
00000000
00000000
072706e2
00000000
00000000
00000000
00000000
00000000
00000000
00000000
00000000
00000000
0807e7c2
00000000
00000000
00000000
00000000
00000000
00000000
00000000
00000000
00000000
00000000
00000000
00000000
08e8c8a2
00000000
00000000
00000000
00000000
00000000
00000000
00000000
00000000
00000000
00000000
00000000
09c9a982
00000000
00000000
00000000
00000000
00000000
00000000
00000000
00000000
00000000
00000000
00000000
0aaa8a62
00000000
00000000
00000000
00000000
00000000
00000000
00000000
00000000
00000000
00000000
00000000
00000000
0b8b6b42
00000000
00000000
00000000
00000000
00000000
00000000
00000000
00000000
00000000
00000000
00000000
00000000
00000000
0c6c4c22
00000000
00000000
00000000
00000000
00000000
00000000
00000000
00000000
00000000
00000000
00000000
00000000
0d4d2d02
00000000
00000000
00000000
00000000
00000000
00000000
00000000
00000000
00000000
0e2e0de2
00000000
00000000
00000000
00000000
00000000
00000000
00000000
00000000
00000000
00000000
00000000
00000000
0f0eeec2
00000000
00000000
00000000
00000000
00000000
00000000
00000000
00000000
00000000
00000000
00000000
0fefcfa2
00000000
00000000
00000000
00000000
00000000
00000000
00000000
00000000
00000000
00000000
00000000
00000000
00000000
00000000
00000000
00000000
00000000
00000000
00000000
00000000
00000000
00000000
00000000
00000000
00000000
00000000
00000000
00000000
00000000
00000000
00000000
00000000
00000000
00000000
00000000
00000000
00000000
00000000
00000000
00000000
00000000
00000000
00000000
00000000
00000000
00000000
00000000
10d0b082
00000000
00000000
00000000
00000000
00000000
00000000
00000000
00000000
00000000
00000000
00000000
00000000
11b19162
00000000
00000000
00000000
00000000
00000000
00000000
00000000
00000000
00000000
00000000
00000000
00000000
00000000
00000000
00000000
00000000
00000000
00000000
00000000
00000000
00000000
12927242
00000000
00000000
00000000
00000000
00000000
00000000
00000000
00000000
00000000
00000000
00000000
00000000
00000000
00000000
00000000
00000000
00000000
00000000
00000000
00000000
13735322
00000000
00000000
00000000
00000000
00000000
00000000
14543402
00000000
00000000
00000000
00000000
00000000
00000000
00000000
00000000
00000000
00000000
00000000
153514e2
00000000
00000000
00000000
00000000
00000000
00000000
00000000
00000000
00000000
00000000
00000000
00000000
00000000
00000000
1615f5c2
00000000
00000000
00000000
00000000
00000000
00000000
00000000
00000000
00000000
00000000
00000000
00000000
00000000
00000000
00000000
00000000
16f6d6a2
00000000
00000000
00000000
00000000
00000000
00000000
00000000
00000000
00000000
00000000
00000000
00000000
00000000
00000000
00000000
00000000
00000000
00000000
00000000
00000000
00000000
00000000
17d7b782
00000000
00000000
00000000
00000000
00000000
00000000
00000000
00000000
00000000
00000000
00000000
00000000
00000000
00000000
00000000
00000000
00000000
00000000
00000000
00000000
00000000
00000000
00000000
00000000
00000000
00000000
00000000
00000000
00000000
00000000
00000000
00000000
00000000
00000000
00000000
