06
01
06
28
28
28
28
28
28
28
28
28
28
28
28
28
28
28
28
28
28
28
28
28
28
28
28
28
28
28
28
28
28
28
28
28
28
28
28
28
28
28
28
28
28
28
28
28
28
28
28
28
28
28
28
28
28
28
28
28
28
28
28
28
33
33
33
04
15
04
15
04
33
33
33
33
33
33
33
33
33
33
33
33
33
33
33
33
33
33
33
33
33
33
33
33
34
10
03
10
03
10
34
03
10
00
00
00
34
00
00
00
03
00
1a
00
03
00
00
00
34
00
00
00
10
00
34
00
03
00
00
00
34
10
00
00
03
00
34
00
10
00
00
00
34
03
00
00
10
00
34
04
10
00
00
00
34
33
05
00
10
00
34
00
03
1a
00
00
34
03
00
00
10
00
34
04
10
00
00
00
34
33
05
00
10
00
34
00
34
00
00
00
34
33
00
00
03
00
34
00
34
00
00
00
34
10
00
00
03
00
34
00
10
00
00
00
34
33
00
00
03
00
34
15
34
00
00
00
34
33
05
00
10
00
34
00
34
00
00
00
34
33
02
00
00
10
34
02
1a
03
00
0b
2a
28
03
2d
28
06
34
2d
03
10
00
00
39
33
2d
29
01
00
34
2d
34
33
00
00
34
33
2e
06
28
05
34
10
34
03
00
00
34
33
15
00
03
00
34
00
34
00
00
00
34
33
00
00
10
00
34
02
34
00
00
00
34
10
00
00
00
03
34
2e
00
10
00
02
2a
28
34
2d
28
06
34
2d
03
10
00
04
34
33
0b
29
01
10
34
2d
34
03
00
0b
2a
28
33
2d
33
03
34
00
15
03
00
15
34
34
04
1a
00
03
34
00
00
10
05
00
34
10
04
00
00
10
34
00
00
34
00
00
34
03
00
0b
01
28
34
33
2d
10
00
02
2a
28
39
33
2d
10
34
02
06
34
01
33
34
10
03
2e
00
00
34
10
2e
01
28
1a
34
03
10
33
00
00
34
03
15
00
34
00
34
00
03
15
00
00
34
03
00
00
34
00
34
2e
10
00
00
00
34
03
1a
00
00
03
34
2e
00
10
00
02
2a
28
34
2d
28
06
34
2d
03
10
00
00
39
33
03
2e
06
01
34
2d
34
10
00
00
34
33
02
15
00
03
34
15
05
10
00
00
34
03
1a
00
00
03
34
15
00
03
00
00
34
10
05
00
00
10
34
2e
01
28
00
2d
28
2a
34
2d
10
03
33
39
0b
28
01
15
03
34
34
2d
00
00
10
34
2e
29
28
00
03
34
10
34
00
00
00
34
33
04
00
10
00
34
00
34
00
00
00
34
33
00
00
03
00
34
0b
34
00
00
00
34
33
00
00
00
03
34
0b
05
10
00
02
2a
28
10
2d
28
01
34
2d
10
03
00
00
39
33
2d
29
06
00
34
2d
34
03
00
00
34
33
0b
29
28
00
34
03
34
33
00
00
34
33
15
00
34
00
34
00
34
00
00
00
34
33
00
00
03
00
34
0b
34
00
00
00
34
03
00
00
00
10
34
2e
00
03
00
0b
2a
28
34
2d
28
01
34
2d
10
03
00
15
34
33
02
29
06
03
34
2d
34
10
00
02
34
10
04
2e
06
28
34
03
15
03
34
00
34
15
03
1a
04
00
34
10
05
00
10
00
34
04
10
00
00
00
34
03
2f
06
28
00
34
03
10
03
00
00
34
33
0b
04
00
10
34
02
29
2a
10
2d
34
03
10
2f
01
06
34
33
33
03
00
00
34
10
00
05
15
03
34
2e
00
10
00
02
2a
28
34
10
03
10
34
04
00
10
00
04
34
10
05
00
00
10
34
2e
00
03
00
0b
2a
28
34
2d
03
10
34
04
00
10
00
04
34
10
05
0b
00
03
34
2e
00
10
00
02
34
10
05
0b
00
03
34
15
00
03
00
00
34
10
05
0b
00
03
34
2e
00
10
00
02
34
10
05
0b
00
03
34
2e
00
10
00
02
34
10
05
0b
00
03
34
2e
00
10
00
02
34
10
05
0b
00
03
33
0b
00
03
00
0b
03
34
00
0b
00
00
33
02
00
00
00
2d
10
34
03
10
03
10
33
03
2d
2d
2d
2d
2d
34
2d
2d
2d
2d
33
2d
2d
2d
2d
2d
2d
34
2d
2d
2d
2d
2d
2d
2d
2d
2d
2d
2d
2d
2d
2d
2d
2d
2d
0b
2d
2d
02
0b
02
0b
02
0b
02
0b
02
3f
