00000000
00000000
00000000
00000000
00000000
00000000
00000000
00000000
00000000
00000000
00000000
00000000
00000000
00000000
00000000
00000000
00000000
00000000
00000000
00000000
00000000
00000000
00000000
00000000
00000000
00000000
00000000
00000000
00000000
00000000
00000000
00000000
00000000
00000000
00000000
00000000
00000000
00000000
00000000
00000000
00000000
00000000
00000000
00000000
00000000
41211041
00000000
00000000
00000000
41615041
00000000
00000000
00000000
41a19041
00000000
00000000
00000000
41e1d041
00000000
00000000
00000000
42221041
00000000
00000000
00000000
42625041
00000000
00000000
00000000
42a29041
00000000
00000000
00000000
42e2d041
00000000
00000000
00000000
45251041
00000000
00000000
00000000
45655041
00000000
00000000
00000000
45a59041
00000000
00000000
00000000
45e5d041
00000000
00000000
00000000
46261041
00000000
00000000
00000000
46665041
00000000
00000000
00000000
00000000
00000000
00000000
00000000
00000000
00000000
00000000
00000000
00000000
00000000
00000000
00000000
00000000
00000000
00000000
00000000
00000000
00000000
00000000
00000000
00000000
00000000
00000000
00000000
46a69041
00000000
00000000
00000000
46e6d041
00000000
00000000
00000000
49291041
43c3a009
00000000
00000000
49695041
00000000
00000000
00000000
49a99041
00000000
00000000
00000000
49e9d041
00000000
00000000
00000000
4a2a1041
00000000
00000000
00000000
4a6a5041
00000000
00000000
00000000
4aaa9041
00000000
00000000
00000000
4aead041
00000000
00000000
00000000
4d2d1041
00000000
00000000
00000000
4d6d5041
00000000
00000000
00000000
51311041
00000000
00000000
00000000
00000000
00000000
00000000
00000000
00000000
00000000
00000000
00000000
00000000
00000000
00000000
00000000
00000000
47a78009
00000000
00000000
00000000
00000000
00000000
00000000
00000000
00000000
00000000
00000000
00000000
00000000
00000000
00000000
00000000
00000000
00000000
00000000
00000000
4dedd041
00000000
00000000
00000000
4e6e5041
00000000
00000000
00000000
4dad9041
00000000
00000000
00000000
4e2e1041
00000000
00000000
4b8b6009
4eae9041
00000000
00000000
00000000
4eeed041
00000000
00000000
00000000
51715041
00000000
00000000
00000000
51b19041
00000000
00000000
00000000
00000000
00000000
00000000
00000000
00000000
00000000
00000000
00000000
00000000
00000000
00000000
00000000
00000000
00000000
00000000
00000000
00000000
00000000
00000000
00000000
00000000
00000000
00000000
00000000
00000000
00000000
00000000
00000000
00000000
00000000
00000000
00000000
00000000
00000000
00000000
00000000
52321041
00000000
00000000
00000000
51f1d041
00000000
00000000
00000000
52725041
00000000
00000000
00000000
52b29041
4f6f4009
00000000
00000000
52f2d041
00000000
00000000
00000000
55351041
00000000
00000000
00000000
55755041
00000000
00000000
00000000
55b59041
00000000
00000000
00000000
55f5d041
00000000
00000000
00000000
56361041
00000000
00000000
00000000
56765041
00000000
00000000
00000000
56b69041
00000000
00000000
00000000
56f6d041
00000000
00000000
00000000
59391041
00000000
00000000
00000000
5d3d1041
00000000
00000000
00000000
00000000
00000000
00000000
00000000
00000000
00000000
00000000
00000000
00000000
00000000
00000000
00000000
00000000
00000000
00000000
00000000
00000000
53532009
00000000
00000000
00000000
00000000
00000000
00000000
00000000
00000000
00000000
00000000
00000000
00000000
00000000
00000000
59b99041
00000000
00000000
00000000
59795041
00000000
00000000
00000000
59f9d041
00000000
00000000
00000000
5a3a1041
00000000
00000000
00000000
5a7a5041
57370009
00000000
00000000
5aba9041
00000000
00000000
00000000
5afad041
00000000
00000000
00000000
5d7d5041
00000000
00000000
00000000
5dbd9041
00000000
00000000
00000000
5dfdd041
00000000
00000000
00000000
5e3e1041
00000000
00000000
00000000
5e7e5041
00000000
00000000
00000000
00000000
00000000
00000000
00000000
00000000
00000000
00000000
00000000
00000000
00000000
00000000
00000000
00000000
00000000
00000000
00000000
00000000
00000000
00000000
00000000
00000000
00000000
00000000
00000000
00000000
00000000
00000000
00000000
00000000
00000000
00000000
00000000
00000000
00000000
00000000
00000000
00000000
00000000
00000000
5b1ae009
00000000
5ebe9041
00000000
00000000
00000000
5efed041
00000000
00000000
00000000
41211041
00000000
00000000
00000000
41615041
00000000
00000000
00000000
41a19041
00000000
00000000
00000000
41e1d041
00000000
00000000
00000000
42221041
00000000
00000000
00000000
42625041
00000000
00000000
00000000
42a29041
00000000
00000000
00000000
42e2d041
00000000
00000000
00000000
45251041
00000000
00000000
00000000
45655041
00000000
00000000
00000000
45a59041
00000000
00000000
00000000
45e5d041
00000000
00000000
00000000
4d2d1041
00000000
00000000
00000000
00000000
00000000
00000000
00000000
00000000
5efec009
00000000
00000000
00000000
00000000
00000000
00000000
00000000
00000000
00000000
00000000
00000000
00000000
00000000
00000000
00000000
00000000
00000000
00000000
00000000
00000000
00000000
00000000
00000000
00000000
00000000
00000000
00000000
00000000
00000000
46261041
00000000
00000000
00000000
00000000
00000000
00000000
42c2a009
46665041
00000000
00000000
00000000
46a69041
00000000
00000000
00000000
46e6d041
00000000
00000000
00000000
49291041
00000000
00000000
00000000
49695041
00000000
00000000
00000000
49a99041
00000000
00000000
00000000
49e9d041
00000000
00000000
00000000
00000000
00000000
00000000
00000000
00000000
00000000
00000000
00000000
00000000
00000000
00000000
00000000
00000000
00000000
00000000
00000000
00000000
00000000
00000000
00000000
00000000
00000000
00000000
00000000
00000000
00000000
00000000
00000000
00000000
00000000
00000000
00000000
00000000
00000000
4d6d5041
00000000
00000000
00000000
4a2a1041
00000000
00000000
46a68009
4a6a5041
00000000
00000000
00000000
4aaa9041
00000000
00000000
00000000
4aead041
00000000
00000000
00000000
4dad9041
00000000
00000000
00000000
4dedd041
00000000
00000000
00000000
4e2e1041
00000000
00000000
00000000
4e6e5041
00000000
00000000
00000000
4eae9041
00000000
00000000
00000000
4eeed041
00000000
00000000
00000000
51311041
00000000
00000000
00000000
51715041
00000000
00000000
00000000
51b19041
00000000
00000000
00000000
55351041
00000000
00000000
00000000
00000000
00000000
00000000
00000000
00000000
00000000
00000000
00000000
00000000
00000000
00000000
00000000
00000000
00000000
00000000
00000000
00000000
4a8a6009
00000000
00000000
00000000
00000000
00000000
00000000
00000000
00000000
00000000
00000000
00000000
00000000
00000000
00000000
51f1d041
00000000
00000000
00000000
52321041
00000000
00000000
00000000
52725041
4e6e4009
00000000
00000000
52b29041
00000000
00000000
00000000
52f2d041
00000000
00000000
00000000
55755041
00000000
00000000
00000000
55b59041
00000000
00000000
00000000
55f5d041
00000000
00000000
00000000
56361041
00000000
00000000
00000000
56765041
00000000
00000000
00000000
56b69041
00000000
00000000
00000000
5d3d1041
00000000
00000000
00000000
00000000
00000000
00000000
00000000
00000000
00000000
00000000
00000000
00000000
00000000
00000000
00000000
00000000
00000000
00000000
00000000
00000000
00000000
00000000
00000000
00000000
00000000
00000000
00000000
00000000
00000000
00000000
00000000
00000000
00000000
00000000
00000000
00000000
00000000
00000000
00000000
00000000
00000000
00000000
52522009
56f6d041
00000000
00000000
00000000
59391041
00000000
00000000
00000000
59795041
00000000
00000000
00000000
59b99041
00000000
00000000
00000000
59f9d041
00000000
00000000
00000000
5a3a1041
00000000
00000000
00000000
5a7a5041
00000000
00000000
00000000
5aba9041
00000000
00000000
00000000
5afad041
00000000
00000000
00000000
5d7d5041
00000000
00000000
00000000
5dbd9041
00000000
00000000
00000000
5dfdd041
00000000
00000000
00000000
5e3e1041
00000000
00000000
00000000
5e7e5041
00000000
00000000
00000000
00000000
00000000
00000000
00000000
00000000
56360009
00000000
00000000
00000000
00000000
00000000
00000000
00000000
00000000
00000000
00000000
00000000
00000000
00000000
00000000
00000000
00000000
00000000
00000000
00000000
00000000
00000000
00000000
00000000
00000000
00000000
00000000
00000000
00000000
00000000
00000000
00000000
00000000
00000000
00000000
00000000
00000000
5a19e009
5ebe9041
00000000
00000000
00000000
5efed041
00000000
00000000
00000000
41211041
00000000
00000000
00000000
41615041
00000000
00000000
00000000
41a19041
00000000
00000000
00000000
41e1d041
00000000
00000000
00000000
42221041
00000000
00000000
00000000
42625041
00000000
00000000
00000000
42a29041
00000000
00000000
00000000
42e2d041
00000000
00000000
00000000
45251041
00000000
00000000
00000000
45655041
00000000
00000000
00000000
45a59041
00000000
00000000
00000000
45e5d041
00000000
00000000
00000000
46261041
00000000
00000000
00000000
46665041
00000000
00000000
00000000
00000000
5dfdc009
00000000
00000000
00000000
00000000
00000000
00000000
00000000
00000000
00000000
00000000
00000000
00000000
00000000
00000000
00000000
00000000
00000000
00000000
00000000
00000000
00000000
00000000
00000000
00000000
00000000
00000000
00000000
00000000
00000000
00000000
00000000
00000000
00000000
00000000
00000000
00000000
00000000
00000000
41c1a009
00000000
46a69041
00000000
00000000
00000000
46e6d041
00000000
00000000
00000000
49291041
00000000
00000000
00000000
49695041
00000000
00000000
00000000
49a99041
00000000
00000000
00000000
49e9d041
00000000
00000000
00000000
4a2a1041
00000000
00000000
00000000
4a6a5041
00000000
00000000
00000000
4aaa9041
00000000
00000000
00000000
4aead041
00000000
00000000
00000000
4d2d1041
00000000
00000000
00000000
4d6d5041
00000000
00000000
00000000
4dad9041
00000000
00000000
00000000
4dedd041
00000000
00000000
00000000
55351041
00000000
00000000
00000000
00000000
00000000
00000000
00000000
00000000
45a58009
00000000
00000000
00000000
00000000
00000000
00000000
00000000
00000000
00000000
00000000
00000000
00000000
00000000
00000000
00000000
00000000
00000000
00000000
00000000
00000000
00000000
00000000
00000000
00000000
00000000
00000000
00000000
00000000
00000000
4e2e1041
00000000
00000000
00000000
00000000
00000000
00000000
49896009
4e6e5041
00000000
00000000
00000000
4eae9041
00000000
00000000
00000000
4eeed041
00000000
00000000
00000000
51311041
00000000
00000000
00000000
51715041
00000000
00000000
00000000
51b19041
00000000
00000000
00000000
51f1d041
00000000
00000000
00000000
00000000
00000000
00000000
00000000
00000000
00000000
00000000
00000000
00000000
00000000
00000000
00000000
00000000
00000000
00000000
00000000
00000000
00000000
00000000
00000000
00000000
00000000
00000000
00000000
00000000
00000000
00000000
00000000
00000000
00000000
00000000
00000000
00000000
00000000
55755041
00000000
00000000
00000000
52321041
00000000
00000000
4d6d4009
52725041
00000000
00000000
00000000
52b29041
00000000
00000000
00000000
52f2d041
00000000
00000000
00000000
55b59041
00000000
00000000
00000000
55f5d041
00000000
00000000
00000000
56361041
00000000
00000000
00000000
56765041
00000000
00000000
00000000
56b69041
00000000
00000000
00000000
56f6d041
00000000
00000000
00000000
59391041
00000000
00000000
00000000
59795041
00000000
00000000
00000000
59b99041
00000000
00000000
00000000
5d3d1041
00000000
00000000
00000000
00000000
00000000
00000000
00000000
00000000
00000000
00000000
00000000
00000000
00000000
00000000
00000000
00000000
00000000
00000000
00000000
00000000
51512009
00000000
00000000
00000000
00000000
00000000
00000000
00000000
00000000
00000000
00000000
00000000
00000000
00000000
00000000
59f9d041
00000000
00000000
00000000
5a3a1041
00000000
00000000
00000000
5a7a5041
55350009
00000000
00000000
5aba9041
00000000
00000000
00000000
5afad041
00000000
00000000
00000000
5d7d5041
00000000
00000000
00000000
5dbd9041
00000000
00000000
00000000
5dfdd041
00000000
00000000
00000000
5e3e1041
00000000
00000000
00000000
5e7e5041
00000000
00000000
00000000
5ebe9041
00000000
00000000
00000000
45251041
00000000
00000000
00000000
00000000
00000000
00000000
00000000
00000000
00000000
00000000
00000000
00000000
00000000
00000000
00000000
00000000
00000000
00000000
00000000
00000000
00000000
00000000
00000000
00000000
00000000
00000000
00000000
00000000
00000000
00000000
00000000
00000000
00000000
00000000
00000000
00000000
00000000
00000000
00000000
00000000
00000000
00000000
5918e009
5efed041
00000000
00000000
00000000
41211041
00000000
00000000
00000000
41615041
00000000
00000000
00000000
41a19041
00000000
00000000
00000000
41e1d041
00000000
00000000
00000000
42221041
00000000
00000000
00000000
42625041
00000000
00000000
00000000
42a29041
00000000
00000000
00000000
42e2d041
00000000
00000000
00000000
45655041
00000000
00000000
00000000
45a59041
00000000
00000000
00000000
45e5d041
00000000
00000000
00000000
46261041
00000000
00000000
00000000
46665041
00000000
00000000
00000000
00000000
00000000
00000000
00000000
00000000
5cfcc009
00000000
00000000
00000000
00000000
00000000
00000000
00000000
00000000
00000000
00000000
00000000
00000000
00000000
00000000
00000000
00000000
00000000
00000000
00000000
00000000
00000000
00000000
00000000
00000000
00000000
00000000
00000000
00000000
00000000
00000000
00000000
00000000
00000000
00000000
00000000
00000000
40c0a009
46a69041
00000000
00000000
00000000
46e6d041
00000000
00000000
00000000
49291041
00000000
00000000
00000000
49695041
00000000
00000000
00000000
49a99041
00000000
00000000
00000000
49e9d041
00000000
00000000
00000000
4a2a1041
00000000
00000000
00000000
4a6a5041
00000000
00000000
00000000
4aaa9041
00000000
00000000
00000000
4aead041
00000000
00000000
00000000
4d2d1041
00000000
00000000
00000000
4d6d5041
00000000
00000000
00000000
4dad9041
00000000
00000000
00000000
4dedd041
00000000
00000000
00000000
4e2e1041
00000000
00000000
00000000
4e6e5041
00000000
00000000
00000000
00000000
44a48009
00000000
00000000
00000000
00000000
00000000
00000000
00000000
00000000
00000000
00000000
00000000
00000000
00000000
00000000
00000000
00000000
00000000
00000000
00000000
00000000
00000000
00000000
00000000
00000000
00000000
00000000
00000000
00000000
00000000
00000000
00000000
00000000
00000000
00000000
00000000
00000000
00000000
00000000
48886009
00000000
4eae9041
00000000
00000000
00000000
4eeed041
00000000
00000000
00000000
51311041
00000000
00000000
00000000
51715041
00000000
00000000
00000000
51b19041
00000000
00000000
00000000
51f1d041
00000000
00000000
00000000
52321041
00000000
00000000
00000000
52725041
00000000
00000000
00000000
52b29041
00000000
00000000
00000000
52f2d041
00000000
00000000
00000000
55351041
00000000
00000000
00000000
55755041
00000000
00000000
00000000
55b59041
00000000
00000000
00000000
55f5d041
00000000
00000000
00000000
5d3d1041
00000000
00000000
00000000
00000000
00000000
00000000
00000000
00000000
4c6c4009
00000000
00000000
00000000
00000000
00000000
00000000
00000000
00000000
00000000
00000000
00000000
00000000
00000000
00000000
00000000
00000000
00000000
00000000
00000000
00000000
00000000
00000000
00000000
00000000
00000000
00000000
00000000
00000000
00000000
56361041
00000000
00000000
00000000
00000000
00000000
00000000
50502009
56765041
00000000
00000000
00000000
56b69041
00000000
00000000
00000000
56f6d041
00000000
00000000
00000000
59391041
00000000
00000000
00000000
59795041
00000000
00000000
00000000
59b99041
00000000
00000000
00000000
59f9d041
00000000
00000000
00000000
00000000
00000000
00000000
00000000
00000000
00000000
00000000
00000000
00000000
00000000
00000000
00000000
00000000
00000000
00000000
00000000
00000000
00000000
00000000
00000000
00000000
00000000
00000000
00000000
00000000
00000000
00000000
00000000
00000000
00000000
00000000
00000000
00000000
00000000
5d7d5041
00000000
00000000
00000000
5a3a1041
00000000
00000000
54340009
5a7a5041
00000000
00000000
00000000
5aba9041
00000000
00000000
00000000
5afad041
00000000
00000000
00000000
5dbd9041
00000000
00000000
00000000
5dfdd041
00000000
00000000
00000000
5e3e1041
00000000
00000000
00000000
5e7e5041
00000000
00000000
00000000
5ebe9041
00000000
00000000
00000000
5efed041
00000000
00000000
00000000
41211041
00000000
00000000
00000000
41615041
00000000
00000000
00000000
41a19041
00000000
00000000
00000000
45251041
00000000
00000000
00000000
00000000
00000000
00000000
00000000
00000000
00000000
00000000
00000000
00000000
00000000
00000000
00000000
00000000
00000000
00000000
00000000
00000000
5817e009
00000000
00000000
00000000
00000000
00000000
00000000
00000000
00000000
00000000
00000000
00000000
00000000
00000000
00000000
41e1d041
00000000
00000000
00000000
42221041
00000000
00000000
00000000
42625041
5bfbc009
00000000
00000000
42a29041
00000000
00000000
00000000
42e2d041
00000000
00000000
00000000
45655041
00000000
00000000
00000000
45a59041
00000000
00000000
00000000
45e5d041
00000000
00000000
00000000
46261041
00000000
00000000
00000000
46665041
00000000
00000000
00000000
46a69041
00000000
00000000
00000000
4d2d1041
00000000
00000000
00000000
00000000
00000000
00000000
00000000
00000000
00000000
00000000
00000000
00000000
00000000
00000000
00000000
00000000
00000000
00000000
00000000
00000000
00000000
00000000
00000000
00000000
00000000
00000000
00000000
00000000
00000000
00000000
00000000
00000000
00000000
00000000
00000000
00000000
00000000
00000000
00000000
00000000
00000000
00000000
5fdfa009
46e6d041
00000000
00000000
00000000
49291041
00000000
00000000
00000000
49695041
00000000
00000000
00000000
49a99041
00000000
00000000
00000000
49e9d041
00000000
00000000
00000000
4a2a1041
00000000
00000000
00000000
4a6a5041
00000000
00000000
00000000
4aaa9041
00000000
00000000
00000000
4aead041
00000000
00000000
00000000
4d6d5041
00000000
00000000
00000000
4dad9041
00000000
00000000
00000000
4dedd041
00000000
00000000
00000000
4e2e1041
00000000
00000000
00000000
4e6e5041
00000000
00000000
00000000
00000000
00000000
00000000
00000000
00000000
43a38009
00000000
00000000
00000000
00000000
00000000
00000000
00000000
00000000
00000000
00000000
00000000
00000000
00000000
00000000
00000000
00000000
00000000
00000000
00000000
00000000
00000000
00000000
00000000
00000000
00000000
00000000
00000000
00000000
00000000
00000000
00000000
00000000
00000000
00000000
00000000
00000000
47876009
4eae9041
00000000
00000000
00000000
4eeed041
00000000
00000000
00000000
51311041
00000000
00000000
00000000
51715041
00000000
00000000
00000000
51b19041
00000000
00000000
00000000
51f1d041
00000000
00000000
00000000
52321041
00000000
00000000
00000000
52725041
00000000
00000000
00000000
52b29041
00000000
00000000
00000000
52f2d041
00000000
00000000
00000000
55351041
00000000
00000000
00000000
55755041
00000000
00000000
00000000
55b59041
00000000
00000000
00000000
55f5d041
00000000
00000000
00000000
56361041
00000000
00000000
00000000
56765041
00000000
00000000
00000000
00000000
4b6b4009
00000000
00000000
00000000
00000000
00000000
00000000
00000000
00000000
00000000
00000000
00000000
00000000
00000000
00000000
00000000
00000000
00000000
00000000
00000000
00000000
00000000
00000000
00000000
00000000
00000000
00000000
00000000
00000000
00000000
00000000
00000000
00000000
00000000
00000000
00000000
00000000
00000000
00000000
4f4f2009
00000000
56b69041
00000000
00000000
00000000
56f6d041
00000000
00000000
00000000
59391041
00000000
00000000
00000000
59795041
00000000
00000000
00000000
59b99041
00000000
00000000
00000000
59f9d041
00000000
00000000
00000000
5a3a1041
00000000
00000000
00000000
5a7a5041
00000000
00000000
00000000
5aba9041
00000000
00000000
00000000
5afad041
00000000
00000000
00000000
5d3d1041
00000000
00000000
00000000
5d7d5041
00000000
00000000
00000000
5dbd9041
00000000
00000000
00000000
5dfdd041
00000000
00000000
00000000
45251041
00000000
00000000
00000000
00000000
00000000
00000000
00000000
00000000
53330009
00000000
00000000
00000000
00000000
00000000
00000000
00000000
00000000
00000000
00000000
00000000
00000000
00000000
00000000
00000000
00000000
00000000
00000000
00000000
00000000
00000000
00000000
00000000
00000000
00000000
00000000
00000000
00000000
00000000
5e3e1041
00000000
00000000
00000000
00000000
00000000
00000000
5716e009
5e7e5041
00000000
00000000
00000000
5ebe9041
00000000
00000000
00000000
5efed041
00000000
00000000
00000000
41211041
00000000
00000000
00000000
41615041
00000000
00000000
00000000
41a19041
00000000
00000000
00000000
41e1d041
00000000
00000000
00000000
00000000
00000000
00000000
00000000
00000000
00000000
00000000
00000000
00000000
00000000
00000000
00000000
00000000
00000000
00000000
00000000
00000000
00000000
00000000
00000000
00000000
00000000
00000000
00000000
00000000
00000000
00000000
00000000
00000000
00000000
00000000
00000000
00000000
00000000
45655041
00000000
00000000
00000000
42221041
00000000
00000000
5afac009
42625041
00000000
00000000
00000000
42a29041
00000000
00000000
00000000
42e2d041
00000000
00000000
00000000
45a59041
00000000
00000000
00000000
45e5d041
00000000
00000000
00000000
46261041
00000000
00000000
00000000
46665041
00000000
00000000
00000000
46a69041
00000000
00000000
00000000
46e6d041
00000000
00000000
00000000
49291041
00000000
00000000
00000000
49695041
00000000
00000000
00000000
49a99041
00000000
00000000
00000000
4d2d1041
00000000
00000000
00000000
00000000
00000000
00000000
00000000
00000000
00000000
00000000
00000000
00000000
00000000
00000000
00000000
00000000
00000000
00000000
00000000
00000000
5edea009
00000000
00000000
00000000
00000000
00000000
00000000
00000000
00000000
00000000
00000000
00000000
00000000
00000000
00000000
49e9d041
00000000
00000000
00000000
4a2a1041
00000000
00000000
00000000
4a6a5041
42a28009
00000000
00000000
4aaa9041
00000000
00000000
00000000
4aead041
00000000
00000000
00000000
4d6d5041
00000000
00000000
00000000
4dad9041
00000000
00000000
00000000
4dedd041
00000000
00000000
00000000
4e2e1041
00000000
00000000
00000000
4e6e5041
00000000
00000000
00000000
4eae9041
00000000
00000000
00000000
55351041
00000000
00000000
00000000
00000000
00000000
00000000
00000000
00000000
00000000
00000000
00000000
00000000
00000000
00000000
00000000
00000000
00000000
00000000
00000000
00000000
00000000
00000000
00000000
00000000
00000000
00000000
00000000
00000000
00000000
00000000
00000000
00000000
00000000
00000000
00000000
00000000
00000000
00000000
00000000
00000000
00000000
00000000
46866009
4eeed041
00000000
00000000
00000000
51311041
00000000
00000000
00000000
51715041
00000000
00000000
00000000
51b19041
00000000
00000000
00000000
51f1d041
00000000
00000000
00000000
52321041
00000000
00000000
00000000
52725041
00000000
00000000
00000000
52b29041
00000000
00000000
00000000
52f2d041
00000000
00000000
00000000
55755041
00000000
00000000
00000000
55b59041
00000000
00000000
00000000
55f5d041
00000000
00000000
00000000
56361041
00000000
00000000
00000000
56765041
00000000
00000000
00000000
00000000
00000000
00000000
00000000
00000000
4a6a4009
00000000
00000000
00000000
00000000
00000000
00000000
00000000
00000000
00000000
00000000
00000000
00000000
00000000
00000000
00000000
00000000
00000000
00000000
00000000
00000000
00000000
00000000
00000000
00000000
00000000
00000000
00000000
00000000
00000000
00000000
00000000
00000000
00000000
00000000
00000000
00000000
4e4e2009
56b69041
00000000
00000000
00000000
56f6d041
00000000
00000000
00000000
59391041
00000000
00000000
00000000
59795041
00000000
00000000
00000000
59b99041
00000000
00000000
00000000
59f9d041
00000000
00000000
00000000
5a3a1041
00000000
00000000
00000000
5a7a5041
00000000
00000000
00000000
5aba9041
00000000
00000000
00000000
5afad041
00000000
00000000
00000000
5d3d1041
00000000
00000000
00000000
5d7d5041
00000000
00000000
00000000
5dbd9041
00000000
00000000
00000000
5dfdd041
00000000
00000000
00000000
5e3e1041
00000000
00000000
00000000
5e7e5041
00000000
00000000
00000000
00000000
52320009
00000000
00000000
00000000
00000000
00000000
00000000
00000000
00000000
00000000
00000000
00000000
00000000
00000000
00000000
00000000
00000000
00000000
00000000
00000000
00000000
00000000
00000000
00000000
00000000
00000000
00000000
00000000
00000000
00000000
00000000
00000000
00000000
00000000
00000000
00000000
00000000
00000000
00000000
5615e009
00000000
5ebe9041
00000000
00000000
00000000
5efed041
00000000
00000000
00000000
41211041
00000000
00000000
00000000
41615041
00000000
00000000
00000000
41a19041
00000000
00000000
00000000
41e1d041
00000000
00000000
00000000
42221041
00000000
00000000
00000000
42625041
00000000
00000000
00000000
42a29041
00000000
00000000
00000000
42e2d041
00000000
00000000
00000000
45251041
00000000
00000000
00000000
45655041
00000000
00000000
00000000
45a59041
00000000
00000000
00000000
45e5d041
00000000
00000000
00000000
4d2d1041
00000000
00000000
00000000
00000000
00000000
00000000
00000000
00000000
59f9c009
00000000
00000000
00000000
00000000
00000000
00000000
00000000
00000000
00000000
00000000
00000000
00000000
00000000
00000000
00000000
00000000
00000000
00000000
00000000
00000000
00000000
00000000
00000000
00000000
00000000
00000000
00000000
00000000
00000000
46261041
00000000
00000000
00000000
00000000
00000000
00000000
5ddda009
46665041
00000000
00000000
00000000
46a69041
00000000
00000000
00000000
46e6d041
00000000
00000000
00000000
49291041
00000000
00000000
00000000
49695041
00000000
00000000
00000000
49a99041
00000000
00000000
00000000
49e9d041
00000000
00000000
00000000
00000000
00000000
00000000
00000000
00000000
00000000
00000000
00000000
00000000
00000000
00000000
00000000
00000000
00000000
00000000
00000000
00000000
00000000
00000000
00000000
00000000
00000000
00000000
00000000
00000000
00000000
00000000
00000000
00000000
00000000
00000000
00000000
00000000
00000000
4d6d5041
00000000
00000000
00000000
4a2a1041
00000000
00000000
41a18009
4a6a5041
00000000
00000000
00000000
4aaa9041
00000000
00000000
00000000
4aead041
00000000
00000000
00000000
4dad9041
00000000
00000000
00000000
4dedd041
00000000
00000000
00000000
4e2e1041
00000000
00000000
00000000
4e6e5041
00000000
00000000
00000000
4eae9041
00000000
00000000
00000000
4eeed041
00000000
00000000
00000000
51311041
00000000
00000000
00000000
51715041
00000000
00000000
00000000
51b19041
00000000
00000000
00000000
55351041
00000000
00000000
00000000
00000000
00000000
00000000
00000000
00000000
00000000
00000000
00000000
00000000
00000000
00000000
00000000
00000000
00000000
00000000
00000000
00000000
45856009
00000000
00000000
00000000
00000000
00000000
00000000
00000000
00000000
00000000
00000000
00000000
00000000
00000000
00000000
51f1d041
00000000
00000000
00000000
52321041
00000000
00000000
00000000
52725041
49694009
00000000
00000000
52b29041
00000000
00000000
00000000
52f2d041
00000000
00000000
00000000
55755041
00000000
00000000
00000000
55b59041
00000000
00000000
00000000
55f5d041
00000000
00000000
00000000
56361041
00000000
00000000
00000000
56765041
00000000
00000000
00000000
56b69041
00000000
00000000
00000000
5d3d1041
00000000
00000000
00000000
00000000
00000000
00000000
00000000
00000000
00000000
00000000
00000000
00000000
00000000
00000000
00000000
00000000
00000000
00000000
00000000
00000000
00000000
00000000
00000000
00000000
00000000
00000000
00000000
00000000
00000000
00000000
00000000
00000000
00000000
00000000
00000000
00000000
00000000
00000000
00000000
00000000
00000000
00000000
4d4d2009
56f6d041
00000000
00000000
00000000
59391041
00000000
00000000
00000000
59795041
00000000
00000000
00000000
59b99041
00000000
00000000
00000000
59f9d041
00000000
00000000
00000000
5a3a1041
00000000
00000000
00000000
5a7a5041
00000000
00000000
00000000
5aba9041
00000000
00000000
00000000
5afad041
00000000
00000000
00000000
5d7d5041
00000000
00000000
00000000
5dbd9041
00000000
00000000
00000000
5dfdd041
00000000
00000000
00000000
5e3e1041
00000000
00000000
00000000
5e7e5041
00000000
00000000
00000000
00000000
00000000
00000000
00000000
00000000
51310009
00000000
00000000
00000000
00000000
00000000
00000000
00000000
00000000
00000000
00000000
00000000
00000000
00000000
00000000
00000000
00000000
00000000
00000000
00000000
00000000
00000000
00000000
00000000
00000000
00000000
00000000
00000000
00000000
00000000
00000000
00000000
00000000
00000000
00000000
00000000
00000000
5514e009
5ebe9041
00000000
00000000
00000000
5efed041
00000000
00000000
00000000
41211041
00000000
00000000
00000000
41615041
00000000
00000000
00000000
41a19041
00000000
00000000
00000000
41e1d041
00000000
00000000
00000000
42221041
00000000
00000000
00000000
42625041
00000000
00000000
00000000
42a29041
00000000
00000000
00000000
42e2d041
00000000
00000000
00000000
45251041
00000000
00000000
00000000
45655041
00000000
00000000
00000000
45a59041
00000000
00000000
00000000
45e5d041
00000000
00000000
00000000
46261041
00000000
00000000
00000000
46665041
00000000
00000000
00000000
00000000
58f8c009
00000000
00000000
00000000
00000000
00000000
00000000
00000000
00000000
00000000
00000000
00000000
00000000
00000000
00000000
00000000
00000000
00000000
00000000
00000000
00000000
00000000
00000000
00000000
00000000
00000000
00000000
00000000
00000000
00000000
00000000
00000000
00000000
00000000
00000000
00000000
00000000
00000000
00000000
5cdca009
00000000
46a69041
00000000
00000000
00000000
46e6d041
00000000
00000000
00000000
49291041
00000000
00000000
00000000
49695041
00000000
00000000
00000000
49a99041
00000000
00000000
00000000
49e9d041
00000000
00000000
00000000
4a2a1041
00000000
00000000
00000000
4a6a5041
00000000
00000000
00000000
4aaa9041
00000000
00000000
00000000
4aead041
00000000
00000000
00000000
4d2d1041
00000000
00000000
00000000
4d6d5041
00000000
00000000
00000000
4dad9041
00000000
00000000
00000000
4dedd041
00000000
00000000
00000000
55351041
00000000
00000000
00000000
00000000
00000000
00000000
00000000
00000000
40a08009
00000000
00000000
00000000
00000000
00000000
00000000
00000000
00000000
00000000
00000000
00000000
00000000
00000000
00000000
00000000
00000000
00000000
00000000
00000000
00000000
00000000
00000000
00000000
00000000
00000000
00000000
00000000
00000000
00000000
4e2e1041
00000000
00000000
00000000
00000000
00000000
00000000
44846009
4e6e5041
00000000
00000000
00000000
4eae9041
00000000
00000000
00000000
4eeed041
00000000
00000000
00000000
51311041
00000000
00000000
00000000
51715041
00000000
00000000
00000000
51b19041
00000000
00000000
00000000
51f1d041
00000000
00000000
00000000
00000000
00000000
00000000
00000000
00000000
00000000
00000000
00000000
00000000
00000000
00000000
00000000
00000000
00000000
00000000
00000000
00000000
00000000
00000000
00000000
00000000
00000000
00000000
00000000
00000000
00000000
00000000
00000000
00000000
00000000
00000000
00000000
00000000
00000000
55755041
00000000
00000000
00000000
52321041
00000000
00000000
48684009
52725041
00000000
00000000
00000000
52b29041
00000000
00000000
00000000
52f2d041
00000000
00000000
00000000
55b59041
00000000
00000000
00000000
55f5d041
00000000
00000000
00000000
56361041
00000000
00000000
00000000
56765041
00000000
00000000
00000000
56b69041
00000000
00000000
00000000
56f6d041
00000000
00000000
00000000
59391041
00000000
00000000
00000000
59795041
00000000
00000000
00000000
59b99041
00000000
00000000
00000000
5d3d1041
00000000
00000000
00000000
00000000
00000000
00000000
00000000
00000000
00000000
00000000
00000000
00000000
00000000
00000000
00000000
00000000
00000000
00000000
00000000
00000000
4c4c2009
00000000
00000000
00000000
00000000
00000000
00000000
00000000
00000000
00000000
00000000
00000000
00000000
00000000
00000000
59f9d041
00000000
00000000
00000000
5a3a1041
00000000
00000000
00000000
5a7a5041
50300009
00000000
00000000
5aba9041
00000000
00000000
00000000
5afad041
00000000
00000000
00000000
5d7d5041
00000000
00000000
00000000
5dbd9041
00000000
00000000
00000000
5dfdd041
00000000
00000000
00000000
5e3e1041
00000000
00000000
00000000
5e7e5041
00000000
00000000
00000000
5ebe9041
00000000
00000000
00000000
00000000
00000000
00000000
00000000
00000000
00000000
00000000
00000000
00000000
00000000
00000000
00000000
00000000
00000000
00000000
00000000
00000000
00000000
00000000
00000000
00000000
00000000
00000000
00000000
00000000
00000000
00000000
00000000
00000000
00000000
00000000
00000000
00000000
00000000
00000000
00000000
00000000
00000000
00000000
5413e009
00000000
00000000
5efed041
00000000
00000000
00000000
00000000
00000000
00000000
00000000
00000000
00000000
00000000
00000000
00000000
00000000
00000000
00000000
00000000
00000000
00000000
00000000
00000000
00000000
00000000
00000000
00000000
00000000
00000000
00000000
00000000
00000000
00000000
00000000
00000000
00000000
00000000
00000000
00000000
00000000
00000000
00000000
00000000
00000000
00000000
00000000
00000000
00000000
00000000
00000000
00000000
00000000
00000000
00000000
00000000
00000000
00000000
00000000
00000000
00000000
00000000
00000000
00000000
00000000
57f7c009
00000000
00000000
00000000
00000000
00000000
00000000
00000000
00000000
00000000
00000000
00000000
00000000
00000000
00000000
00000000
00000000
00000000
00000000
00000000
00000000
00000000
00000000
00000000
00000000
00000000
00000000
00000000
00000000
00000000
00000000
00000000
00000000
00000000
00000000
00000000
00000000
00000000
