00000000000
00000000000
00000000000
00000000000
00000000000
00000000000
00000000000
00000000000
00000000000
00000000000
00000000000
00000000000
00000000000
00000000000
00000000000
00000000000
00000000000
00000000000
00000000000
00000000000
00000000000
00000000000
00000000000
00000000000
00000000000
00000000000
00000000007
00000000000
00000000000
00000000000
0000000100f
00000000000
00000000000
00000000000
00000002017
00000000000
00000000000
00000000000
0000000301f
00000000000
00000000000
00000000000
00000004027
00000000000
00000000000
00000000000
0000000502f
00000000000
00000000000
00000000000
00000006037
00000000000
00000000000
00000000000
0000000703f
00000000000
00000000000
00000000000
00000008047
00000000000
00000000000
00000000000
0000000904f
00000000000
00000000000
00000000000
0000000a057
00000000000
00000000000
00000000000
0000000b05f
00000000000
00000000000
00000000000
0000000c067
00000000000
00000000000
00000000000
0000000d06f
00000000000
00000000000
00000000000
0000000e077
00000000000
00000000000
00000000000
0000000f07f
00000000000
00000000000
00000000000
00000010087
00000000000
00000000000
00000000000
0000001108f
00000000000
00000000000
00000000000
00000012097
00000000000
00000000000
00000000000
0000001309f
00000000000
00000000000
00000000000
000000140a7
00000000000
00000000000
00000000000
000000150af
00000000000
00000000000
00000000000
000000160b7
00000000000
00000000000
00000000000
000000170bf
00000000000
00000000000
00000000000
000000180c7
00000000000
00000000000
00000000000
000000190cf
00000000000
00000000000
00000000000
0000001a0d7
00000000000
00000000000
00000000000
0000001b0df
00000000000
00000000000
00000000000
0000001c0e7
00000000000
00000000000
00000000000
0000001d0ef
00000000000
00000000000
00000000000
0000001e0f7
00000000000
00000000000
00000000000
0000001f0ff
00000000000
00000000000
00000000000
00000020107
00000000000
00000000000
00000000000
0000002110f
00000000000
00000000000
00000000000
00000022117
00000000000
00000000000
00000000000
0000002311f
00000000000
00000000000
00000000000
00000024127
00000000000
00000000000
00000000000
0000002512f
00000000000
00000000000
00000000000
00000026137
00000000000
00000000000
00000000000
0000002713f
00000000000
00000000000
00000000000
00000028147
00000000000
00000000000
00000000000
0000002914f
00000000000
00000000000
00000000000
0000002a157
00000000000
00000000000
00000000000
0000002b15f
00000000000
00000000000
00000000000
0000002c167
00000000000
00000000000
00000000000
0000002d16f
00000000000
00000000000
00000000000
0000002e177
00000000000
00000000000
00000000000
0000002f17f
00000000000
00000000000
00000000000
00000030187
00000000000
00000000000
00000000000
0000003118f
00000000000
00000000000
00000000000
00000032197
00000000000
00000000000
00000000000
0000003319f
00000000000
00000000000
00000000000
000000341a7
00000000000
00000000000
00000000000
000000351af
00000000000
00000000000
00000000000
000000361b7
00000000000
00000000000
00000000000
000000371bf
00000000000
00000000000
00000000000
000000381c7
00000000000
00000000000
00000000000
000000391cf
00000000000
00000000000
00000000000
0000003a1d7
00000000000
00000000000
00000000000
0000003b1df
00000000000
00000000000
00000000000
0000003c1e7
00000000000
00000000000
00000000000
0000003d1ef
00000000000
00000000000
00000000000
0000003e1f7
00000000000
00000000000
00000000000
0000003f1ff
00000000000
00000000000
00000000000
00000040207
00000000000
00000000000
00000000000
0000004120f
00000000000
00000000000
00000000000
00000042217
00000000000
00000000000
00000000000
0000004321f
00000000000
00000000000
00000000000
00000044227
00000000000
00000000000
00000000000
0000004522f
00000000000
00000000000
00000000000
00000046237
00000000000
00000000000
00000000000
0000004723f
00000000000
00000000000
00000000000
00000048247
00000000000
00000000000
00000000000
0000004924f
00000000000
00000000000
00000000000
0000004a257
00000000000
00000000000
00000000000
0000004b25f
00000000000
00000000000
00000000000
0000004c267
00000000000
00000000000
00000000000
0000004d26f
00000000000
00000000000
00000000000
0000004e277
00000000000
00000000000
00000000000
0000004f27f
00000000000
00000000000
00000000000
00000050287
00000000000
00000000000
00000000000
0000005128f
00000000000
00000000000
00000000000
00000052297
00000000000
00000000000
00000000000
0000005329f
00000000000
00000000000
00000000000
000000542a7
00000000000
00000000000
00000000000
000000552af
00000000000
00000000000
00000000000
000000562b7
00000000000
00000000000
00000000000
000000572bf
00000000000
00000000000
00000000000
000000582c7
00000000000
00000000000
00000000000
000000592cf
00000000000
00000000000
00000000000
0000005a2d7
00000000000
00000000000
00000000000
0000005b2df
00000000000
00000000000
00000000000
0000005c2e7
00000000000
00000000000
00000000000
0000005d2ef
00000000000
00000000000
00000000000
0000005e2f7
00000000000
00000000000
00000000000
0000005f2ff
00000000000
00000000000
00000000000
00000060307
00000000000
00000000000
00000000000
0000006130f
00000000000
00000000000
00000000000
00000062317
00000000000
00000000000
00000000000
0000006331f
00000000000
00000000000
00000000000
00000064327
00000000000
00000000000
00000000000
0000006532f
00000000000
00000000000
00000000000
00000066337
00000000000
00000000000
00000000000
0000006733f
00000000000
00000000000
00000000000
00000068347
00000000000
00000000000
00000000000
0000006934f
00000000000
00000000000
00000000000
0000006a357
00000000000
00000000000
00000000000
0000006b35f
00000000000
00000000000
00000000000
0000006c367
00000000000
00000000000
00000000000
0000006d36f
00000000000
00000000000
00000000000
0000006e377
00000000000
00000000000
00000000000
0000006f37f
00000000000
00000000000
00000000000
00000070387
00000000000
00000000000
00000000000
0000007138f
00000000000
00000000000
00000000000
00000072397
00000000000
00000000000
00000000000
0000007339f
00000000000
00000000000
00000000000
000000743a7
00000000000
00000000000
00000000000
000000753af
00000000000
00000000000
00000000000
000000763b7
00000000000
00000000000
00000000000
000000773bf
00000000000
00000000000
00000000000
000000783c7
00000000000
00000000000
00000000000
000000793cf
00000000000
00000000000
00000000000
0000007a3d7
00000000000
00000000000
00000000000
0000007b3df
00000000000
00000000000
00000000000
0000007c3e7
00000000000
00000000000
00000000000
0000007d3ef
00000000000
00000000000
00000000000
0000007e3f7
00000000000
00000000000
00000000000
0000007f3ff
00000000000
00000000000
00000000000
00000080007
00000000000
00000000000
00000000000
0000008100f
00000000000
00000000000
00000000000
00000082017
00000000000
00000000000
00000000000
0000008301f
00000000000
00000000000
00000000000
00000084027
00000000000
00000000000
00000000000
0000008502f
00000000000
00000000000
00000000000
00000086037
00000000000
00000000000
00000000000
0000008703f
00000000000
00000000000
00000000000
00000088047
00000000000
00000000000
00000000000
0000008904f
00000000000
00000000000
00000000000
0000008a057
00000000000
00000000000
00000000000
0000008b05f
00000000000
00000000000
00000000000
0000008c067
00000000000
00000000000
00000000000
0000008d06f
00000000000
00000000000
00000000000
0000008e077
00000000000
00000000000
00000000000
0000008f07f
00000000000
00000000000
00000000000
00000090087
00000000000
00000000000
00000000000
0000009108f
00000000000
00000000000
00000000000
00000092097
00000000000
00000000000
00000000000
0000009309f
00000000000
00000000000
00000000000
000000940a7
00000000000
00000000000
00000000000
000000950af
00000000000
00000000000
00000000000
000000960b7
00000000000
00000000000
00000000000
000000970bf
00000000000
00000000000
00000000000
000000980c7
00000000000
00000000000
00000000000
000000990cf
00000000000
00000000000
00000000000
0000009a0d7
00000000000
00000000000
00000000000
0000009b0df
00000000000
00000000000
00000000000
0000009c0e7
00000000000
00000000000
00000000000
0000009d0ef
00000000000
00000000000
00000000000
0000009e0f7
00000000000
00000000000
00000000000
0000009f0ff
00000000000
00000000000
00000000000
000000a0107
00000000000
00000000000
00000000000
000000a110f
00000000000
00000000000
00000000000
000000a2117
00000000000
00000000000
00000000000
000000a311f
00000000000
00000000000
00000000000
000000a4127
00000000000
00000000000
00000000000
000000a512f
00000000000
00000000000
00000000000
000000a6137
00000000000
00000000000
00000000000
000000a713f
00000000000
00000000000
00000000000
000000a8147
00000000000
00000000000
00000000000
000000a914f
00000000000
00000000000
00000000000
000000aa157
00000000000
00000000000
00000000000
000000ab15f
00000000000
00000000000
00000000000
000000ac167
00000000000
00000000000
00000000000
000000ad16f
00000000000
00000000000
00000000000
000000ae177
00000000000
00000000000
00000000000
000000af17f
00000000000
00000000000
00000000000
000000b0187
00000000000
00000000000
00000000000
000000b118f
00000000000
00000000000
00000000000
000000b2197
00000000000
00000000000
00000000000
000000b319f
00000000000
00000000000
00000000000
000000b41a7
00000000000
00000000000
00000000000
000000b51af
00000000000
00000000000
00000000000
000000b61b7
00000000000
00000000000
00000000000
000000b71bf
00000000000
00000000000
00000000000
000000b81c7
00000000000
00000000000
00000000000
000000b91cf
00000000000
00000000000
00000000000
000000ba1d7
00000000000
00000000000
00000000000
000000bb1df
00000000000
00000000000
00000000000
000000bc1e7
00000000000
00000000000
00000000000
000000bd1ef
00000000000
00000000000
00000000000
000000be1f7
00000000000
00000000000
00000000000
000000bf1ff
00000000000
00000000000
00000000000
000000c0207
00000000000
00000000000
00000000000
000000c120f
00000000000
00000000000
00000000000
000000c2217
00000000000
00000000000
00000000000
000000c321f
00000000000
00000000000
00000000000
000000c4227
00000000000
00000000000
00000000000
000000c522f
00000000000
00000000000
00000000000
000000c6237
00000000000
00000000000
00000000000
000000c723f
00000000000
00000000000
00000000000
000000c8247
00000000000
00000000000
00000000000
000000c924f
00000000000
00000000000
00000000000
000000ca257
00000000000
00000000000
00000000000
000000cb25f
00000000000
00000000000
00000000000
000000cc267
00000000000
00000000000
00000000000
000000cd26f
00000000000
00000000000
00000000000
000000ce277
00000000000
00000000000
00000000000
000000cf27f
00000000000
00000000000
00000000000
000000d0287
00000000000
00000000000
00000000000
000000d128f
00000000000
00000000000
00000000000
000000d2297
00000000000
00000000000
00000000000
000000d329f
00000000000
00000000000
00000000000
000000d42a7
00000000000
00000000000
00000000000
000000d52af
00000000000
00000000000
00000000000
000000d62b7
00000000000
00000000000
00000000000
000000d72bf
00000000000
00000000000
00000000000
000000d82c7
00000000000
00000000000
00000000000
000000d92cf
00000000000
00000000000
00000000000
000000da2d7
00000000000
00000000000
00000000000
000000db2df
00000000000
00000000000
00000000000
000000dc2e7
00000000000
00000000000
00000000000
000000dd2ef
00000000000
00000000000
00000000000
000000de2f7
00000000000
00000000000
00000000000
000000df2ff
00000000000
00000000000
00000000000
000000e0307
00000000000
00000000000
00000000000
000000e130f
00000000000
00000000000
00000000000
000000e2317
00000000000
00000000000
00000000000
000000e331f
00000000000
00000000000
00000000000
000000e4327
00000000000
00000000000
00000000000
000000e532f
00000000000
00000000000
00000000000
000000e6337
00000000000
00000000000
00000000000
000000e733f
00000000000
00000000000
00000000000
000000e8347
00000000000
00000000000
00000000000
000000e934f
00000000000
00000000000
00000000000
000000ea357
00000000000
00000000000
00000000000
000000eb35f
00000000000
00000000000
00000000000
000000ec367
00000000000
00000000000
00000000000
000000ed36f
00000000000
00000000000
00000000000
000000ee377
00000000000
00000000000
00000000000
000000ef37f
00000000000
00000000000
00000000000
000000f0387
00000000000
00000000000
00000000000
000000f138f
00000000000
00000000000
00000000000
000000f2397
00000000000
00000000000
00000000000
000000f339f
00000000000
00000000000
00000000000
000000f43a7
00000000000
00000000000
00000000000
000000f53af
00000000000
00000000000
00000000000
000000f63b7
00000000000
00000000000
00000000000
000000f73bf
00000000000
00000000000
00000000000
000000f83c7
00000000000
00000000000
00000000000
000000f93cf
00000000000
00000000000
00000000000
000000fa3d7
00000000000
00000000000
00000000000
000000fb3df
00000000000
00000000000
00000000000
000000fc3e7
00000000000
00000000000
00000000000
000000fd3ef
00000000000
00000000000
00000000000
000000fe3f7
00000000000
00000000000
00000000000
000000ff3ff
00000000000
00000000000
00000000000
00000100007
00000000000
00000000000
00000000000
0000010100f
00000000000
00000000000
00000000000
00000102017
00000000000
00000000000
00000000000
0000010301f
00000000000
00000000000
00000000000
00000104027
00000000000
00000000000
00000000000
0000010502f
00000000000
00000000000
00000000000
00000106037
00000000000
00000000000
00000000000
0000010703f
00000000000
00000000000
00000000000
00000108047
00000000000
00000000000
00000000000
0000010904f
00000000000
00000000000
00000000000
0000010a057
00000000000
00000000000
00000000000
0000010b05f
00000000000
00000000000
00000000000
0000010c067
00000000000
00000000000
00000000000
0000010d06f
00000000000
00000000000
00000000000
0000010e077
00000000000
00000000000
00000000000
0000010f07f
00000000000
00000000000
00000000000
00000110087
00000000000
00000000000
00000000000
0000011108f
00000000000
00000000000
00000000000
00000112097
00000000000
00000000000
00000000000
0000011309f
00000000000
00000000000
00000000000
000001140a7
00000000000
00000000000
00000000000
000001150af
00000000000
00000000000
00000000000
000001160b7
00000000000
00000000000
00000000000
000001170bf
00000000000
00000000000
00000000000
000001180c7
00000000000
00000000000
00000000000
000001190cf
00000000000
00000000000
00000000000
0000011a0d7
00000000000
00000000000
00000000000
0000011b0df
00000000000
00000000000
00000000000
0000011c0e7
00000000000
00000000000
00000000000
0000011d0ef
00000000000
00000000000
00000000000
0000011e0f7
00000000000
00000000000
00000000000
0000011f0ff
00000000000
00000000000
00000000000
00000120107
00000000000
00000000000
00000000000
0000012110f
00000000000
00000000000
00000000000
00000122117
00000000000
00000000000
00000000000
0000012311f
00000000000
00000000000
00000000000
00000124127
00000000000
00000000000
00000000000
0000012512f
00000000000
00000000000
00000000000
00000126137
00000000000
00000000000
00000000000
0000012713f
00000000000
00000000000
00000000000
00000128147
00000000000
00000000000
00000000000
0000012914f
00000000000
00000000000
00000000000
0000012a157
00000000000
00000000000
00000000000
0000012b15f
00000000000
00000000000
00000000000
0000012c167
00000000000
00000000000
00000000000
0000012d16f
00000000000
00000000000
00000000000
0000012e177
00000000000
00000000000
00000000000
0000012f17f
00000000000
00000000000
00000000000
00000130187
00000000000
00000000000
00000000000
0000013118f
00000000000
00000000000
00000000000
00000132197
00000000000
00000000000
00000000000
0000013319f
00000000000
00000000000
00000000000
000001341a7
00000000000
00000000000
00000000000
000001351af
00000000000
00000000000
00000000000
000001361b7
00000000000
00000000000
00000000000
000001371bf
00000000000
00000000000
00000000000
000001381c7
00000000000
00000000000
00000000000
000001391cf
00000000000
00000000000
00000000000
0000013a1d7
00000000000
00000000000
00000000000
0000013b1df
00000000000
00000000000
00000000000
0000013c1e7
00000000000
00000000000
00000000000
0000013d1ef
00000000000
00000000000
00000000000
0000013e1f7
00000000000
00000000000
00000000000
0000013f1ff
00000000000
00000000000
00000000000
00000140207
00000000000
00000000000
00000000000
0000014120f
00000000000
00000000000
00000000000
00000142217
00000000000
00000000000
00000000000
0000014321f
00000000000
00000000000
00000000000
00000144227
00000000000
00000000000
00000000000
0000014522f
00000000000
00000000000
00000000000
00000146237
00000000000
00000000000
00000000000
0000014723f
00000000000
00000000000
00000000000
00000148247
00000000000
00000000000
00000000000
0000014924f
00000000000
00000000000
00000000000
0000014a257
00000000000
00000000000
00000000000
0000014b25f
00000000000
00000000000
00000000000
0000014c267
00000000000
00000000000
00000000000
0000014d26f
00000000000
00000000000
00000000000
0000014e277
00000000000
00000000000
00000000000
0000014f27f
00000000000
00000000000
00000000000
00000150287
00000000000
00000000000
00000000000
0000015128f
00000000000
00000000000
00000000000
00000152297
00000000000
00000000000
00000000000
0000015329f
00000000000
00000000000
00000000000
000001542a7
00000000000
00000000000
00000000000
000001552af
00000000000
00000000000
00000000000
000001562b7
00000000000
00000000000
00000000000
000001572bf
00000000000
00000000000
00000000000
000001582c7
00000000000
00000000000
00000000000
000001592cf
00000000000
00000000000
00000000000
0000015a2d7
00000000000
00000000000
00000000000
0000015b2df
00000000000
00000000000
00000000000
0000015c2e7
00000000000
00000000000
00000000000
0000015d2ef
00000000000
00000000000
00000000000
0000015e2f7
00000000000
00000000000
00000000000
0000015f2ff
00000000000
00000000000
00000000000
00000160307
00000000000
00000000000
00000000000
0000016130f
00000000000
00000000000
00000000000
00000162317
00000000000
00000000000
00000000000
0000016331f
00000000000
00000000000
00000000000
00000164327
00000000000
00000000000
00000000000
0000016532f
00000000000
00000000000
00000000000
00000166337
00000000000
00000000000
00000000000
0000016733f
00000000000
00000000000
00000000000
00000168347
00000000000
00000000000
00000000000
0000016934f
00000000000
00000000000
00000000000
0000016a357
00000000000
00000000000
00000000000
0000016b35f
00000000000
00000000000
00000000000
0000016c367
00000000000
00000000000
00000000000
0000016d36f
00000000000
00000000000
00000000000
0000016e377
00000000000
00000000000
00000000000
0000016f37f
00000000000
00000000000
00000000000
00000170387
00000000000
00000000000
00000000000
0000017138f
00000000000
00000000000
00000000000
00000172397
00000000000
00000000000
00000000000
0000017339f
00000000000
00000000000
00000000000
000001743a7
00000000000
00000000000
00000000000
000001753af
00000000000
00000000000
00000000000
000001763b7
00000000000
00000000000
00000000000
000001773bf
00000000000
00000000000
00000000000
000001783c7
00000000000
00000000000
00000000000
000001793cf
00000000000
00000000000
00000000000
0000017a3d7
00000000000
00000000000
00000000000
0000017b3df
00000000000
00000000000
00000000000
0000017c3e7
00000000000
00000000000
00000000000
0000017d3ef
00000000000
00000000000
00000000000
0000017e3f7
00000000000
00000000000
00000000000
0000017f3ff
00000000000
