01
01
01
05
05
05
05
05
05
05
05
0d
05
0d
05
0d
05
0d
05
0d
05
0d
05
0d
05
0d
05
0d
05
0d
05
0d
05
0d
05
0d
05
0d
05
15
05
05
05
05
05
15
05
05
05
05
05
15
05
05
05
05
0d
1d
05
05
0d
05
05
15
0c
0c
04
04
0c
14
04
04
0c
0c
04
14
04
0c
04
04
0c
14
04
04
0c
04
04
1c
0c
04
04
0c
04
14
04
14
04
0c
0c
1c
04
0c
00
00
04
1c
10
00
0c
00
00
1c
04
00
00
00
04
14
10
00
04
00
00
1c
04
00
02
00
04
14
12
00
04
00
00
1c
04
00
02
00
04
14
12
00
04
00
00
1c
04
00
02
00
04
14
12
00
04
00
00
1c
04
00
02
00
04
14
10
00
04
00
00
1c
04
00
02
00
04
14
12
00
04
00
00
1c
04
00
02
00
04
14
10
00
04
00
00
1c
04
00
02
00
04
14
12
00
04
00
00
1c
04
00
02
00
04
14
10
00
04
00
00
1c
04
00
02
00
04
14
12
00
04
00
00
1c
04
00
02
00
04
14
10
00
04
00
00
1c
04
00
02
00
04
14
12
00
04
00
00
1c
04
00
02
00
04
14
10
00
04
00
00
1c
04
00
02
00
04
14
12
00
04
00
00
1c
04
00
02
00
04
14
10
00
04
00
00
1c
04
00
02
00
04
14
12
00
04
00
00
1c
04
00
02
00
04
14
10
00
04
00
00
1c
04
00
02
00
04
14
12
00
04
00
00
1c
04
00
02
00
04
14
10
00
04
00
00
1c
04
00
02
00
04
14
12
00
04
00
00
1c
04
00
02
00
04
14
10
00
04
00
00
1c
04
00
02
00
04
14
12
00
04
00
00
1c
04
00
02
00
04
14
10
00
04
00
00
1c
04
00
02
00
04
14
12
00
04
00
02
1c
04
00
02
00
04
14
12
00
04
00
02
1c
04
00
02
00
04
14
12
00
04
00
02
0c
04
00
02
00
04
04
12
00
00
00
02
0c
00
00
02
00
04
04
14
04
04
04
04
0e
04
06
06
06
06
02
10
02
02
02
02
0a
00
04
04
00
00
00
10
00
02
02
00
00
00
04
04
00
00
00
00
00
02
02
00
00
00
04
04
00
00
00
00
00
02
02
1f
