000000000
000000000
000000000
000000000
000000000
000000000
000000000
000000000
000000000
000000000
000000000
000000000
000000000
000000000
000000000
000000000
000000000
000000000
000000000
000000000
000000000
000000000
000000000
000000000
000000000
000000000
000000007
000000000
000000000
000000000
00000100f
000000000
000000000
000000000
000002017
000000000
000000000
000000000
00000301f
000000000
000000000
000000000
000004027
000000000
000000000
000000000
00000502f
000000000
000000000
000000000
000006037
000000000
000000000
000000000
00000703f
000000000
000000000
000000000
000008047
000000000
000000000
000000000
00000904f
000000000
000000000
000000000
00000a057
000000000
000000000
000000000
00000b05f
000000000
000000000
000000000
00000c067
000000000
000000000
000000000
00000d06f
000000000
000000000
000000000
00000e077
000000000
000000000
000000000
00000f07f
000000000
000000000
000000000
000010087
000000000
000000000
000000000
00001108f
000000000
000000000
000000000
000012097
000000000
000000000
000000000
00001309f
000000000
000000000
000000000
0000140a7
000000000
000000000
000000000
0000150af
000000000
000000000
000000000
0000160b7
000000000
000000000
000000000
0000170bf
000000000
000000000
000000000
0000180c7
000000000
000000000
000000000
0000190cf
000000000
000000000
000000000
00001a0d7
000000000
000000000
000000000
00001b0df
000000000
000000000
000000000
00001c0e7
000000000
000000000
000000000
00001d0ef
000000000
000000000
000000000
00001e0f7
000000000
000000000
000000000
00001f0ff
000000000
000000000
000000000
000020107
000000000
000000000
000000000
00002110f
000000000
000000000
000000000
000022117
000000000
000000000
000000000
00002311f
000000000
000000000
000000000
000024127
000000000
000000000
000000000
00002512f
000000000
000000000
000000000
000026137
000000000
000000000
000000000
00002713f
000000000
000000000
000000000
000028147
000000000
000000000
000000000
00002914f
000000000
000000000
000000000
00002a157
000000000
000000000
000000000
00002b15f
000000000
000000000
000000000
00002c167
000000000
000000000
000000000
00002d16f
000000000
000000000
000000000
00002e177
000000000
000000000
000000000
00002f17f
000000000
000000000
000000000
000030187
000000000
000000000
000000000
00003118f
000000000
000000000
000000000
000032197
000000000
000000000
000000000
00003319f
000000000
000000000
000000000
0000341a7
000000000
000000000
000000000
0000351af
000000000
000000000
000000000
0000361b7
000000000
000000000
000000000
0000371bf
000000000
000000000
000000000
0000381c7
000000000
000000000
000000000
0000391cf
000000000
000000000
000000000
00003a1d7
000000000
000000000
000000000
00003b1df
000000000
000000000
000000000
00003c1e7
000000000
000000000
000000000
00003d1ef
000000000
000000000
000000000
00003e1f7
000000000
000000000
000000000
00003f1ff
000000000
000000000
000000000
000040207
000000000
000000000
000000000
00004120f
000000000
000000000
000000000
000042217
000000000
000000000
000000000
00004321f
000000000
000000000
000000000
000044227
000000000
000000000
000000000
00004522f
000000000
000000000
000000000
000046237
000000000
000000000
000000000
00004723f
000000000
000000000
000000000
000048247
000000000
000000000
000000000
00004924f
000000000
000000000
000000000
00004a257
000000000
000000000
000000000
00004b25f
000000000
000000000
000000000
00004c267
000000000
000000000
000000000
00004d26f
000000000
000000000
000000000
00004e277
000000000
000000000
000000000
00004f27f
000000000
000000000
000000000
000050287
000000000
000000000
000000000
00005128f
000000000
000000000
000000000
000052297
000000000
000000000
000000000
00005329f
000000000
000000000
000000000
0000542a7
000000000
000000000
000000000
0000552af
000000000
000000000
000000000
0000562b7
000000000
000000000
000000000
0000572bf
000000000
000000000
000000000
0000582c7
000000000
000000000
000000000
0000592cf
000000000
000000000
000000000
00005a2d7
000000000
000000000
000000000
00005b2df
000000000
000000000
000000000
00005c2e7
000000000
000000000
000000000
00005d2ef
000000000
000000000
000000000
00005e2f7
000000000
000000000
000000000
00005f2ff
000000000
000000000
000000000
000060307
000000000
000000000
000000000
00006130f
000000000
000000000
000000000
000062317
000000000
000000000
000000000
00006331f
000000000
000000000
000000000
000064327
000000000
000000000
000000000
00006532f
000000000
000000000
000000000
000066337
000000000
000000000
000000000
00006733f
000000000
000000000
000000000
000068347
000000000
000000000
000000000
00006934f
000000000
000000000
000000000
00006a357
000000000
000000000
000000000
00006b35f
000000000
000000000
000000000
00006c367
000000000
000000000
000000000
00006d36f
000000000
000000000
000000000
00006e377
000000000
000000000
000000000
00006f37f
000000000
000000000
000000000
000070387
000000000
000000000
000000000
00007138f
000000000
000000000
000000000
000072397
000000000
000000000
000000000
00007339f
000000000
000000000
000000000
0000743a7
000000000
000000000
000000000
0000753af
000000000
000000000
000000000
0000763b7
000000000
000000000
000000000
0000773bf
000000000
000000000
000000000
0000783c7
000000000
000000000
000000000
0000793cf
000000000
000000000
000000000
00007a3d7
000000000
000000000
000000000
00007b3df
000000000
000000000
000000000
00007c3e7
000000000
000000000
000000000
00007d3ef
000000000
000000000
000000000
00007e3f7
000000000
000000000
000000000
00007f3ff
000000000
000000000
000000000
000080007
000000000
000000000
000000000
00008100f
000000000
000000000
000000000
000082017
000000000
000000000
000000000
00008301f
000000000
000000000
000000000
000084027
000000000
000000000
000000000
00008502f
000000000
000000000
000000000
000086037
000000000
000000000
000000000
00008703f
000000000
000000000
000000000
000088047
000000000
000000000
000000000
00008904f
000000000
000000000
000000000
00008a057
000000000
000000000
000000000
00008b05f
000000000
000000000
000000000
00008c067
000000000
000000000
000000000
00008d06f
000000000
000000000
000000000
00008e077
000000000
000000000
000000000
00008f07f
000000000
000000000
000000000
000090087
000000000
000000000
000000000
00009108f
000000000
000000000
000000000
000092097
000000000
000000000
000000000
00009309f
000000000
000000000
000000000
0000940a7
000000000
000000000
000000000
0000950af
000000000
000000000
000000000
0000960b7
000000000
000000000
000000000
0000970bf
000000000
000000000
000000000
0000980c7
000000000
000000000
000000000
0000990cf
000000000
000000000
000000000
00009a0d7
000000000
000000000
000000000
00009b0df
000000000
000000000
000000000
00009c0e7
000000000
000000000
000000000
00009d0ef
000000000
000000000
000000000
00009e0f7
000000000
000000000
000000000
00009f0ff
000000000
000000000
000000000
0000a0107
000000000
000000000
000000000
0000a110f
000000000
000000000
000000000
0000a2117
000000000
000000000
000000000
0000a311f
000000000
000000000
000000000
0000a4127
000000000
000000000
000000000
0000a512f
000000000
000000000
000000000
0000a6137
000000000
000000000
000000000
0000a713f
000000000
000000000
000000000
0000a8147
000000000
000000000
000000000
0000a914f
000000000
000000000
000000000
0000aa157
000000000
000000000
000000000
0000ab15f
000000000
000000000
000000000
0000ac167
000000000
000000000
000000000
0000ad16f
000000000
000000000
000000000
0000ae177
000000000
000000000
000000000
0000af17f
000000000
000000000
000000000
0000b0187
000000000
000000000
000000000
0000b118f
000000000
000000000
000000000
0000b2197
000000000
000000000
000000000
0000b319f
000000000
000000000
000000000
0000b41a7
000000000
000000000
000000000
0000b51af
000000000
000000000
000000000
0000b61b7
000000000
000000000
000000000
0000b71bf
000000000
000000000
000000000
0000b81c7
000000000
000000000
000000000
0000b91cf
000000000
000000000
000000000
0000ba1d7
000000000
000000000
000000000
0000bb1df
000000000
000000000
000000000
0000bc1e7
000000000
000000000
000000000
0000bd1ef
000000000
000000000
000000000
0000be1f7
000000000
000000000
000000000
0000bf1ff
000000000
000000000
000000000
0000c0207
000000000
000000000
000000000
0000c120f
000000000
000000000
000000000
0000c2217
000000000
000000000
000000000
0000c321f
000000000
000000000
000000000
0000c4227
000000000
000000000
000000000
0000c522f
000000000
000000000
000000000
0000c6237
000000000
000000000
000000000
0000c723f
000000000
000000000
000000000
0000c8247
000000000
000000000
000000000
0000c924f
000000000
000000000
000000000
0000ca257
000000000
000000000
000000000
0000cb25f
000000000
000000000
000000000
0000cc267
000000000
000000000
000000000
0000cd26f
000000000
000000000
000000000
0000ce277
000000000
000000000
000000000
0000cf27f
000000000
000000000
000000000
0000d0287
000000000
000000000
000000000
0000d128f
000000000
000000000
000000000
0000d2297
000000000
000000000
000000000
0000d329f
000000000
000000000
000000000
0000d42a7
000000000
000000000
000000000
0000d52af
000000000
000000000
000000000
0000d62b7
000000000
000000000
000000000
0000d72bf
000000000
000000000
000000000
0000d82c7
000000000
000000000
000000000
0000d92cf
000000000
000000000
000000000
0000da2d7
000000000
000000000
000000000
0000db2df
000000000
000000000
000000000
0000dc2e7
000000000
000000000
000000000
0000dd2ef
000000000
000000000
000000000
0000de2f7
000000000
000000000
000000000
0000df2ff
000000000
000000000
000000000
0000e0307
000000000
000000000
000000000
0000e130f
000000000
000000000
000000000
0000e2317
000000000
000000000
000000000
0000e331f
000000000
000000000
000000000
0000e4327
000000000
000000000
000000000
0000e532f
000000000
000000000
000000000
0000e6337
000000000
000000000
000000000
0000e733f
000000000
000000000
000000000
0000e8347
000000000
000000000
000000000
0000e934f
000000000
000000000
000000000
0000ea357
000000000
000000000
000000000
0000eb35f
000000000
000000000
000000000
0000ec367
000000000
000000000
000000000
0000ed36f
000000000
000000000
000000000
0000ee377
000000000
000000000
000000000
0000ef37f
000000000
000000000
000000000
0000f0387
000000000
000000000
000000000
0000f138f
000000000
000000000
000000000
0000f2397
000000000
000000000
000000000
0000f339f
000000000
000000000
000000000
0000f43a7
000000000
000000000
000000000
0000f53af
000000000
000000000
000000000
0000f63b7
000000000
000000000
000000000
0000f73bf
000000000
000000000
000000000
0000f83c7
000000000
000000000
000000000
0000f93cf
000000000
000000000
000000000
0000fa3d7
000000000
000000000
000000000
0000fb3df
000000000
000000000
000000000
0000fc3e7
000000000
000000000
000000000
0000fd3ef
000000000
000000000
000000000
0000fe3f7
000000000
000000000
000000000
0000ff3ff
000000000
000000000
000000000
000100007
000000000
000000000
000000000
00010100f
000000000
000000000
000000000
000102017
000000000
000000000
000000000
00010301f
000000000
000000000
000000000
000104027
000000000
000000000
000000000
00010502f
000000000
000000000
000000000
000106037
000000000
000000000
000000000
00010703f
000000000
000000000
000000000
000108047
000000000
000000000
000000000
00010904f
000000000
000000000
000000000
00010a057
000000000
000000000
000000000
00010b05f
000000000
000000000
000000000
00010c067
000000000
000000000
000000000
00010d06f
000000000
000000000
000000000
00010e077
000000000
000000000
000000000
00010f07f
000000000
000000000
000000000
000110087
000000000
000000000
000000000
00011108f
000000000
000000000
000000000
000112097
000000000
000000000
000000000
00011309f
000000000
000000000
000000000
0001140a7
000000000
000000000
000000000
0001150af
000000000
000000000
000000000
0001160b7
000000000
000000000
000000000
0001170bf
000000000
000000000
000000000
0001180c7
000000000
000000000
000000000
0001190cf
000000000
000000000
000000000
00011a0d7
000000000
000000000
000000000
00011b0df
000000000
000000000
000000000
00011c0e7
000000000
000000000
000000000
00011d0ef
000000000
000000000
000000000
00011e0f7
000000000
000000000
000000000
00011f0ff
000000000
000000000
000000000
000120107
000000000
000000000
000000000
00012110f
000000000
000000000
000000000
000122117
000000000
000000000
000000000
00012311f
000000000
000000000
000000000
000124127
000000000
000000000
000000000
00012512f
000000000
000000000
000000000
000126137
000000000
000000000
000000000
00012713f
000000000
000000000
000000000
000128147
000000000
000000000
000000000
00012914f
000000000
000000000
000000000
00012a157
000000000
000000000
000000000
00012b15f
000000000
000000000
000000000
00012c167
000000000
000000000
000000000
00012d16f
000000000
000000000
000000000
00012e177
000000000
000000000
000000000
00012f17f
000000000
000000000
000000000
000130187
000000000
000000000
000000000
00013118f
000000000
000000000
000000000
000132197
000000000
000000000
000000000
00013319f
000000000
000000000
000000000
0001341a7
000000000
000000000
000000000
0001351af
000000000
000000000
000000000
0001361b7
000000000
000000000
000000000
0001371bf
000000000
000000000
000000000
0001381c7
000000000
000000000
000000000
0001391cf
000000000
000000000
000000000
00013a1d7
000000000
000000000
000000000
00013b1df
000000000
000000000
000000000
00013c1e7
000000000
000000000
000000000
00013d1ef
000000000
000000000
000000000
00013e1f7
000000000
000000000
000000000
00013f1ff
000000000
000000000
000000000
000140207
000000000
000000000
000000000
00014120f
000000000
000000000
000000000
000142217
000000000
000000000
000000000
00014321f
000000000
000000000
000000000
000144227
000000000
000000000
000000000
00014522f
000000000
000000000
000000000
000146237
000000000
000000000
000000000
00014723f
000000000
000000000
000000000
000148247
000000000
000000000
000000000
00014924f
000000000
000000000
000000000
00014a257
000000000
000000000
000000000
00014b25f
000000000
000000000
000000000
00014c267
000000000
000000000
000000000
00014d26f
000000000
000000000
000000000
00014e277
000000000
000000000
000000000
00014f27f
000000000
000000000
000000000
000150287
000000000
000000000
000000000
00015128f
000000000
000000000
000000000
000152297
000000000
000000000
000000000
00015329f
000000000
000000000
000000000
0001542a7
000000000
000000000
000000000
0001552af
000000000
000000000
000000000
0001562b7
000000000
000000000
000000000
0001572bf
000000000
000000000
000000000
0001582c7
000000000
000000000
000000000
0001592cf
000000000
000000000
000000000
00015a2d7
000000000
000000000
000000000
00015b2df
000000000
000000000
000000000
00015c2e7
000000000
000000000
000000000
00015d2ef
000000000
000000000
000000000
00015e2f7
000000000
000000000
000000000
00015f2ff
000000000
000000000
000000000
000160307
000000000
000000000
000000000
00016130f
000000000
000000000
000000000
000162317
000000000
000000000
000000000
00016331f
000000000
000000000
000000000
000164327
000000000
000000000
000000000
00016532f
000000000
000000000
000000000
000166337
000000000
000000000
000000000
00016733f
000000000
000000000
000000000
000168347
000000000
000000000
000000000
00016934f
000000000
000000000
000000000
00016a357
000000000
000000000
000000000
00016b35f
000000000
000000000
000000000
00016c367
000000000
000000000
000000000
00016d36f
000000000
000000000
000000000
00016e377
000000000
000000000
000000000
00016f37f
000000000
000000000
000000000
000170387
000000000
000000000
000000000
00017138f
000000000
000000000
000000000
000172397
000000000
000000000
000000000
00017339f
000000000
000000000
000000000
0001743a7
000000000
000000000
000000000
0001753af
000000000
000000000
000000000
0001763b7
000000000
000000000
000000000
0001773bf
000000000
000000000
000000000
0001783c7
000000000
000000000
000000000
0001793cf
000000000
000000000
000000000
00017a3d7
000000000
000000000
000000000
00017b3df
000000000
000000000
000000000
00017c3e7
000000000
000000000
000000000
00017d3ef
000000000
000000000
000000000
00017e3f7
000000000
000000000
000000000
00017f3ff
000000000
