00000000
00000000
00000000
00000000
00000000
00000000
00000000
00000000
00000000
00000000
00000000
00000000
00000000
00000000
00000000
00000000
00000000
00000000
00000000
00000000
00000000
00000000
00602002
00000000
00000000
02622202
00000000
00000000
04642402
00000000
00804062
06662602
00000000
02824262
08682802
00000000
04844462
40a0c081
0a6a2a02
06864662
42a0c281
0c6c2c02
08884862
44a0c481
00000000
0a8a4a62
46a0c681
00000000
0c8c4c62
48a0c881
00000000
0e6e2e02
4aa0ca81
10703002
12723202
4ca0cc81
14743402
16763602
0e8e4e62
00000000
10905062
12925262
00000000
14945462
00000000
4ea0ce81
00000000
50a0d081
52a0d281
00000000
54a0d481
0120e0cb
00000000
00000000
0322e2cb
00000000
00000000
00000000
0141012b
00000000
00000000
0343032b
00000000
00000000
00000000
4160c14f
00000000
00000000
4360c34f
00000000
00000000
0524e4cb
41808162
00000000
0726e6cb
43808362
00000000
0928e8cb
0545052b
00000000
00000000
0747072b
00000000
00000000
00000000
4560c54f
00000000
00000000
4760c74f
00000000
00000000
00000000
45808562
0949092b
00000000
47808762
0b2aeacb
0d2ceccb
00000000
41c0a1b1
4960c94f
43c0a3b1
00000000
0b4b0b2b
0d4d0d2b
16965662
00000000
49808962
00000000
00000000
00000000
4b60cb4f
4d60cd4f
56a0d681
00000000
0f2eeecb
00000000
1130f0cb
45c0a5b1
4b808b62
4d808d62
47c0a7b1
0f4f0f2b
00000000
1151112b
00000000
00000000
00000000
00000000
4f60cf4f
00000000
5160d14f
00000000
49c0a9b1
1332f2cb
00000000
4f808f62
00000000
51809162
00000000
00000000
1353132b
00000000
1534f4cb
00000000
4bc0abb1
4dc0adb1
00000000
5360d34f
00000000
00000000
00000000
1555152b
00000000
00000000
53809362
00000000
00000000
00000000
5560d54f
00000000
00000000
4fc0afb1
00000000
51c0b1b1
00000000
55809562
18783802
00000000
00000000
00000000
00000000
00000000
00000000
18985862
00000000
00000000
00000000
00000000
00000000
00000000
53c0b3b1
58a0d881
00000000
00000000
00000000
00000000
00000000
00000000
00000000
00000000
00000000
55c0b5b1
00000000
00000000
00000000
00000000
1a7a3a02
00000000
00000000
00000000
00000000
00000000
00000000
00000000
00000000
00000000
00000000
00000000
00000000
00000000
00000000
1a9a5a62
00000000
00000000
00000000
00000000
00000000
00000000
5aa0da81
00000000
00000000
00000000
00000000
1c7c3c02
00000000
00000000
00000000
00000000
00000000
00000000
00000000
1c9c5c62
00000000
00000000
00000000
00000000
00000000
00000000
5ca0dc81
00000000
00000000
00000000
00000000
00000000
00000000
00000000
00000000
00000000
00000000
00000000
00000000
00000000
00000000
00000000
1e7e3e02
00000000
1736f6cb
00000000
00000000
00000000
00000000
00000000
00000000
1757172b
00000000
00000000
00000000
1938f8cb
00000000
00000000
5760d74f
00000000
00000000
00000000
1959192b
00000000
00000000
57809762
1b3afacb
1e9e5e62
00000000
5960d94f
00000000
00602002
00000000
00000000
1b5b1b2b
02622202
59809962
1d3cfccb
00804062
5ea0de81
04642402
5b60db4f
02824262
00000000
06662602
1d5d1d2b
40a0c081
04844462
5b809b62
42a0c281
08682802
57c0b7b1
5d60dd4f
06864662
44a0c481
00000000
00000000
08884862
00000000
5d809d62
46a0c681
0a6a2a02
59c0b9b1
0c6c2c02
48a0c881
0e6e2e02
00000000
00000000
0a8a4a62
00000000
0c8c4c62
00000000
0e8e4e62
1f3efecb
5bc0bbb1
4aa0ca81
00000000
4ca0cc81
00000000
4ea0ce81
1f5f1f2b
00000000
00000000
0120e0cb
00000000
5dc0bdb1
00000000
5f60df4f
00000000
00000000
0141012b
00000000
00000000
0322e2cb
5f809f62
00000000
00000000
4160c14f
00000000
00000000
0343032b
00000000
00000000
00000000
41808162
00000000
00000000
4360c34f
00000000
00000000
00000000
00000000
00000000
00000000
43808362
00000000
00000000
0524e4cb
00000000
00000000
5fc0bfb1
00000000
00000000
00000000
00000000
00000000
00000000
00000000
00000000
00000000
41c0a1b1
00000000
00000000
00000000
00000000
00000000
00000000
00000000
00000000
0545052b
43c0a3b1
0726e6cb
00000000
00000000
00000000
00000000
4560c54f
00000000
00000000
00000000
0747072b
00000000
00000000
45808562
00000000
00000000
00000000
4760c74f
00000000
00000000
00000000
00000000
0928e8cb
00000000
47808762
00000000
00000000
0b2aeacb
00000000
0949092b
00000000
00000000
00000000
00000000
0b4b0b2b
00000000
4960c94f
00000000
00000000
45c0a5b1
00000000
4b60cb4f
00000000
49808962
00000000
00000000
00000000
00000000
4b808b62
10703002
00000000
47c0a7b1
00000000
00000000
00000000
00000000
00000000
10905062
00000000
00000000
0d2ceccb
00000000
00000000
00000000
50a0d081
00000000
12723202
00000000
0d4d0d2b
49c0a9b1
00000000
00000000
00000000
12925262
4bc0abb1
4d60cd4f
00000000
14743402
16763602
00000000
0f2eeecb
52a0d281
00000000
4d808d62
14945462
16965662
00000000
0f4f0f2b
00000000
00000000
00000000
54a0d481
56a0d681
00000000
4f60cf4f
00000000
00000000
00000000
00000000
00000000
00000000
00000000
4f808f62
00000000
00000000
00000000
1130f0cb
00000000
00000000
4dc0adb1
00000000
00000000
00000000
1151112b
00000000
00000000
00000000
00000000
00000000
00000000
5160d14f
00000000
00000000
00000000
00000000
00000000
00000000
51809162
4fc0afb1
00000000
18783802
00000000
00000000
00000000
00000000
00000000
00000000
00000000
18985862
00000000
00000000
00000000
00000000
00000000
00000000
1332f2cb
00000000
58a0d881
00000000
00000000
1534f4cb
00000000
1353132b
51c0b1b1
00000000
00000000
00000000
1555152b
00000000
5360d34f
00000000
1a7a3a02
00000000
00000000
5560d54f
00000000
53809362
00000000
1a9a5a62
1736f6cb
00000000
55809562
00000000
00000000
00000000
5aa0da81
00000000
1757172b
00000000
00000000
00000000
1c7c3c02
00000000
00000000
5760d74f
00000000
1938f8cb
00000000
1c9c5c62
1e7e3e02
00000000
57809762
53c0b3b1
1959192b
00000000
5ca0dc81
1e9e5e62
55c0b5b1
00000000
00000000
5960d94f
00000000
00000000
5ea0de81
00000000
00000000
00000000
59809962
00000000
1b3afacb
00000000
00000000
00000000
00000000
00000000
00000000
1b5b1b2b
57c0b7b1
00000000
00000000
00000000
00000000
00000000
5b60db4f
00000000
00000000
00000000
00000000
00000000
00000000
5b809b62
1d3cfccb
00000000
59c0b9b1
00000000
00000000
00000000
00000000
00000000
1d5d1d2b
00000000
00000000
00000000
00000000
00000000
00000000
5d60dd4f
00000000
00000000
00000000
00000000
00000000
00000000
5d809d62
00000000
00000000
5bc0bbb1
00000000
00000000
00000000
1f3efecb
00000000
00000000
00000000
00000000
00000000
00000000
1f5f1f2b
00000000
00000000
00000000
00000000
00000000
00000000
5f60df4f
00000000
00000000
00000000
00000000
5dc0bdb1
00000000
5f809f62
00000000
00000000
00000000
00000000
00000000
00000000
00000000
00000000
00000000
00000000
00000000
00000000
00000000
00000000
00000000
00000000
00000000
00000000
00000000
00000000
00000000
00000000
00000000
00000000
00000000
5fc0bfb1
00000000
00000000
00000000
00000000
00000000
00000000
00000000
00000000
00000000
00000000
00000000
00000000
00000000
00000000
00000000
00000000
00000000
00000000
00000000
00000000
00000000
00000000
00000000
00000000
00000000
00000000
00000000
00000000
00000000
00000000
00000000
00000000
00000000
00000000
00000000
00000000
00000000
00000000
00000000
00000000
00000000
00000000
00000000
00000000
00000000
00000000
00000000
00000000
00000000
00000000
