00000000
00000000
00000000
00000000
00000000
00000000
00000000
00000000
00000000
00000000
00000000
00000000
00000000
00000000
00000000
00000000
00000000
00000000
00000000
00000000
00000000
00000000
00000000
00000000
00000000
00000000
00000000
00000000
00000000
00000000
00000000
00000000
00000000
00000000
00000000
00000000
00000000
00000000
00000000
00000000
00000000
00000000
00000000
00000000
00000000
00000000
00000000
00000000
00000000
00000000
00000000
00000000
00000000
00000000
00000000
00000000
00000000
00000000
00000000
00000000
00000000
00000000
00000000
00000000
00000000
00000000
00000000
00000000
00000000
00000000
00000000
00000000
00000000
00000000
00000000
00000000
00000000
00000000
00000000
00000000
00000000
00000000
00000000
00000000
00000000
00000000
00000000
00000000
00000000
00000000
00000000
00000000
00000000
00000000
00000000
00000000
00000000
00000000
00000000
01a18002
00000000
00000000
03a38002
00000000
00000000
00000000
00000000
00000000
00000000
00000000
00000000
00000000
00000000
00000000
00000000
00000000
00000000
00000000
00000000
05a58002
00000000
00000000
07a78002
00000000
00000000
00000000
01e1c003
00000000
03e3c003
00000000
00000000
00000000
00000000
00000000
09a98002
00000000
00000000
00000000
00000000
00000000
00000000
00000000
00000000
00000000
00000000
05e5c003
0bab8002
0dad8002
07e7c003
00000000
00000000
00000000
00000000
00000000
00000000
00000000
00000000
00000000
00000000
00000000
09e9c003
00000000
00000000
0faf8002
00000000
11b18002
00000000
00000000
00000000
00000000
00000000
00000000
0bebc003
0dedc003
00000000
00000000
00000000
00000000
00000000
00000000
00000000
00000000
13b38002
00000000
00000000
00000000
00000000
00000000
00000000
0fefc003
00000000
11f1c003
00000000
15b58002
00000000
00000000
00000000
00000000
00000000
00000000
00000000
00000000
00000000
00000000
00000000
00000000
00000000
00000000
13f3c003
00000000
00000000
00000000
00000000
00000000
00000000
00000000
00000000
00000000
00000000
15f5c003
00000000
00000000
00000000
00000000
00000000
00000000
00000000
00000000
00000000
00000000
00000000
00000000
00000000
00000000
00000000
00000000
00000000
00000000
00000000
00000000
00000000
00000000
00000000
00000000
00000000
00000000
00000000
00000000
00000000
00000000
00000000
00000000
00000000
00000000
00000000
00000000
00000000
00000000
00000000
00000000
00000000
00000000
00000000
00000000
00000000
00000000
00000000
00000000
00000000
00000000
00000000
00000000
00000000
00000000
00000000
00000000
00000000
00000000
00000000
00000000
00000000
00000000
00000000
00000000
00000000
00000000
00000000
00000000
00000000
00000000
00000000
00000000
00000000
00000000
00000000
00000000
00000000
00000000
00000000
00000000
00000000
00000000
00000000
00000000
00000000
17b78002
00000000
00000000
00000000
00000000
00000000
00000000
00000000
00000000
00000000
00000000
19b98002
00000000
00000000
00000000
00000000
00000000
00000000
00000000
00000000
00000000
00000000
00000000
1bbb8002
00000000
00000000
17f7c003
00000000
00000000
00000000
00000000
00000000
00000000
00000000
1dbd8002
00000000
00000000
19f9c003
00000000
00000000
00000000
00000000
00000000
00000000
00000000
00000000
00000000
00000000
00000000
1bfbc003
00000000
00000000
00000000
00000000
00000000
00000000
00000000
00000000
00000000
00000000
1dfdc003
00000000
00000000
00000000
00000000
00000000
00000000
00000000
00000000
1fbf8002
00000000
00000000
00000000
00000000
00000000
00000000
00000000
00000000
00000000
01a18002
00000000
00000000
00000000
00000000
00000000
00000000
00000000
00000000
00000000
03a38002
00000000
00000000
00000000
00000000
00000000
1fffc003
00000000
00000000
00000000
00000000
00000000
00000000
00000000
00000000
00000000
01e1c003
00000000
00000000
00000000
00000000
00000000
00000000
00000000
00000000
00000000
03e3c003
00000000
00000000
00000000
00000000
00000000
00000000
00000000
00000000
00000000
00000000
00000000
00000000
05a58002
00000000
00000000
00000000
00000000
00000000
00000000
00000000
00000000
00000000
00000000
07a78002
00000000
00000000
00000000
00000000
00000000
00000000
00000000
00000000
00000000
00000000
00000000
00000000
00000000
00000000
05e5c003
00000000
00000000
00000000
09a98002
00000000
00000000
00000000
00000000
0bab8002
00000000
00000000
07e7c003
00000000
00000000
00000000
00000000
00000000
00000000
00000000
00000000
00000000
00000000
00000000
00000000
00000000
00000000
00000000
00000000
00000000
09e9c003
00000000
00000000
00000000
00000000
0bebc003
00000000
00000000
00000000
00000000
00000000
00000000
00000000
00000000
0dad8002
00000000
00000000
00000000
00000000
00000000
00000000
00000000
00000000
00000000
00000000
00000000
00000000
00000000
00000000
00000000
00000000
00000000
00000000
0faf8002
00000000
00000000
00000000
00000000
00000000
00000000
0dedc003
00000000
00000000
00000000
00000000
00000000
00000000
00000000
00000000
00000000
00000000
00000000
00000000
00000000
00000000
00000000
00000000
00000000
11b18002
0fefc003
00000000
00000000
00000000
00000000
00000000
00000000
00000000
00000000
00000000
00000000
00000000
00000000
00000000
00000000
00000000
00000000
00000000
00000000
00000000
00000000
00000000
00000000
00000000
00000000
11f1c003
00000000
00000000
00000000
00000000
00000000
00000000
00000000
00000000
00000000
00000000
00000000
00000000
13b38002
00000000
00000000
00000000
00000000
15b58002
00000000
00000000
00000000
00000000
00000000
00000000
00000000
00000000
00000000
00000000
00000000
00000000
00000000
00000000
00000000
00000000
00000000
00000000
00000000
17b78002
13f3c003
00000000
00000000
00000000
00000000
15f5c003
00000000
00000000
00000000
00000000
00000000
00000000
00000000
00000000
00000000
19b98002
00000000
00000000
00000000
00000000
00000000
00000000
00000000
00000000
00000000
17f7c003
00000000
00000000
00000000
00000000
00000000
00000000
00000000
00000000
00000000
00000000
00000000
00000000
1bbb8002
00000000
00000000
19f9c003
00000000
00000000
00000000
00000000
00000000
00000000
00000000
00000000
00000000
00000000
00000000
00000000
00000000
00000000
00000000
00000000
00000000
00000000
00000000
1dbd8002
00000000
00000000
1bfbc003
00000000
00000000
00000000
00000000
00000000
00000000
00000000
00000000
00000000
00000000
00000000
00000000
00000000
00000000
00000000
00000000
00000000
00000000
00000000
00000000
00000000
00000000
1dfdc003
00000000
1fbf8002
00000000
00000000
00000000
00000000
00000000
00000000
00000000
00000000
00000000
00000000
00000000
00000000
00000000
00000000
00000000
00000000
00000000
00000000
00000000
00000000
00000000
00000000
00000000
00000000
00000000
1fffc003
00000000
00000000
00000000
00000000
00000000
00000000
00000000
00000000
00000000
00000000
00000000
00000000
00000000
00000000
00000000
00000000
00000000
00000000
00000000
00000000
00000000
00000000
00000000
00000000
00000000
00000000
00000000
00000000
00000000
00000000
00000000
00000000
00000000
00000000
00000000
00000000
00000000
00000000
00000000
00000000
00000000
00000000
00000000
