06
01
26
28
08
28
08
28
08
28
08
28
08
28
08
28
08
28
08
28
08
28
08
28
08
28
08
28
08
28
08
28
08
28
08
28
08
28
08
28
08
28
08
28
08
28
08
28
08
28
08
28
08
28
08
28
08
28
08
28
08
28
08
28
13
33
13
24
15
04
35
24
13
33
13
33
13
33
13
33
13
33
13
33
13
33
13
33
13
33
13
33
13
33
13
33
14
30
23
10
03
30
34
23
10
00
00
00
14
00
00
00
03
00
3a
00
23
00
00
00
14
00
00
00
30
00
34
00
23
00
00
00
14
10
00
00
03
00
34
00
10
00
00
00
34
03
00
00
10
00
34
04
10
00
00
00
34
13
05
00
30
00
34
00
23
1a
00
00
14
03
00
00
30
00
34
24
10
00
00
00
14
33
05
00
10
00
34
00
14
00
00
00
34
13
00
00
03
00
34
00
14
00
00
00
34
10
00
00
03
00
34
00
10
00
00
00
34
13
00
00
03
00
34
15
34
00
00
00
14
33
05
00
10
00
34
00
14
00
00
00
34
13
02
00
00
30
34
22
1a
03
00
0b
2a
08
03
2d
08
26
34
0d
23
10
00
00
39
13
2d
09
01
00
34
0d
34
13
00
00
34
13
2e
06
28
05
14
30
34
23
00
00
14
13
35
00
23
00
14
00
34
00
00
00
14
33
00
00
10
00
34
02
14
00
00
00
34
10
00
00
00
03
34
0e
00
30
00
22
0a
28
14
2d
08
26
34
0d
23
10
00
04
34
13
2b
29
21
10
14
2d
14
03
00
2b
2a
08
33
0d
33
23
14
00
15
03
00
35
34
14
24
1a
00
03
34
00
00
10
05
00
34
10
04
00
00
30
34
00
00
14
00
00
34
23
00
0b
01
08
34
13
2d
10
00
02
2a
08
39
13
2d
10
34
02
06
34
01
13
34
10
03
2e
00
00
14
30
2e
21
08
1a
34
03
10
33
00
00
14
03
35
00
34
00
14
00
23
15
00
00
34
03
00
00
14
00
34
0e
30
00
00
00
34
23
1a
00
00
03
14
2e
00
10
00
02
2a
08
34
0d
28
06
34
0d
03
30
00
00
39
13
23
0e
26
21
14
2d
14
30
00
00
34
13
22
15
00
03
34
15
05
30
00
00
34
23
1a
00
00
03
14
35
00
23
00
00
14
30
25
00
00
10
34
0e
01
28
00
0d
28
0a
34
0d
30
23
13
39
0b
28
01
15
03
34
14
2d
00
00
10
34
0e
29
08
00
03
34
10
34
00
00
00
14
33
04
00
10
00
34
00
14
00
00
00
34
13
00
00
03
00
34
0b
34
00
00
00
14
33
00
00
00
03
14
2b
25
10
00
02
2a
08
30
2d
08
21
14
2d
10
03
00
00
39
13
2d
09
26
00
34
0d
34
23
00
00
14
13
2b
29
08
00
34
23
14
13
00
00
34
13
35
00
34
00
14
00
34
00
00
00
14
33
00
00
23
00
14
0b
34
00
00
00
14
03
00
00
00
30
34
0e
00
23
00
0b
2a
08
34
0d
28
01
14
2d
10
03
00
35
34
13
22
09
26
23
14
2d
14
30
00
22
14
30
24
0e
26
28
14
23
15
03
34
00
14
35
23
1a
04
00
34
10
05
00
30
00
34
24
10
00
00
00
14
03
2f
06
28
00
14
03
30
23
00
00
14
33
0b
04
00
30
34
22
09
0a
30
2d
14
23
10
2f
01
06
34
13
33
03
00
00
14
30
00
25
15
03
34
0e
00
30
00
22
0a
28
14
30
23
10
34
04
00
10
00
04
34
10
05
00
00
30
34
0e
00
23
00
0b
2a
08
34
0d
03
30
34
24
00
10
00
04
14
30
25
0b
00
03
34
0e
00
30
00
22
14
30
25
0b
00
03
34
15
00
03
00
00
34
10
05
2b
00
23
14
2e
00
10
00
02
34
10
05
2b
00
23
14
2e
00
10
00
02
34
10
05
2b
00
23
14
2e
00
10
00
02
34
10
05
2b
00
23
13
2b
00
23
00
0b
03
34
00
0b
00
00
33
02
00
00
00
0d
30
34
23
10
03
10
33
03
0d
2d
0d
2d
0d
34
0d
2d
0d
2d
13
2d
0d
2d
0d
2d
0d
34
0d
2d
0d
2d
0d
2d
0d
2d
0d
2d
0d
2d
0d
2d
0d
2d
0d
2b
2d
0d
22
0b
02
2b
22
0b
02
2b
22
3f
