06
01
06
08
08
08
08
08
08
08
08
08
08
08
08
08
08
08
08
08
08
08
08
08
08
08
08
08
08
08
08
08
08
08
08
08
08
08
08
08
08
08
08
08
08
08
08
08
08
08
08
08
08
08
08
08
08
08
08
08
08
08
08
08
13
13
13
04
15
04
15
04
13
13
13
13
13
13
13
13
13
13
13
13
13
13
13
13
13
13
13
13
13
13
13
13
14
10
03
10
14
03
10
03
1a
00
00
00
05
00
00
00
1a
00
00
00
05
00
00
00
1a
00
00
00
14
00
00
00
14
00
00
00
14
00
00
00
14
00
00
00
14
00
00
00
14
00
04
00
14
15
00
00
14
05
00
00
14
19
00
00
14
00
00
00
14
1a
04
00
14
00
00
00
14
19
00
00
14
00
00
00
14
19
00
00
14
00
00
00
14
19
00
00
14
00
00
00
14
19
00
00
14
00
00
00
14
19
00
00
14
00
00
00
14
19
00
00
14
00
00
00
14
19
00
00
10
00
00
00
13
05
00
00
10
00
00
05
13
00
00
00
10
03
10
03
13
14
10
03
14
10
03
14
14
13
10
03
14
10
00
00
05
1a
00
00
05
00
00
00
1a
04
00
00
1a
00
00
00
14
05
00
00
14
00
00
00
14
00
00
00
14
00
00
00
14
15
00
00
14
00
00
00
14
19
00
00
14
00
00
00
13
05
00
00
10
00
00
05
13
00
00
00
10
00
00
05
13
10
03
10
03
10
03
14
10
14
03
10
13
14
03
10
03
14
10
05
00
1a
00
00
00
05
00
00
00
19
00
00
00
1a
00
00
05
14
00
00
00
14
00
00
00
14
00
00
00
14
15
00
00
14
00
00
00
14
19
00
00
14
00
00
00
14
19
00
00
14
00
00
00
13
05
00
00
10
00
00
05
13
00
00
00
10
00
00
05
13
10
03
10
03
10
03
14
14
13
0d
0d
0d
0d
0d
10
19
02
0b
02
0b
02
0b
0f
00
00
00
00
00
03
10
03
10
03
10
03
0d
0d
0d
0d
0d
0d
0d
10
03
0d
0d
0d
13
0d
0d
0d
0d
0d
0d
14
0d
0d
0d
0d
0d
0d
0d
0d
0d
0d
0d
0d
0d
0d
0d
0d
0d
0d
0d
0d
0d
0d
0d
0d
0d
0d
0b
02
0b
02
0b
02
0b
02
0b
02
1f
