00000000
00000000
00000000
00000000
00000000
00000000
00000000
00000000
00000000
00000000
00000000
00000000
00000000
00000000
00000000
00000000
00000000
00000000
00000000
00000000
00000000
00000000
00000000
00000000
00000000
00000000
00000000
00000000
00000000
00000000
00000000
00000000
00000000
00000000
00000000
00000000
00000000
00000000
00000000
00000000
00000000
00000000
00000000
00000000
00000000
00000000
00000000
00000000
00000000
00000000
00000000
00000000
00000000
00000000
00000000
00000000
00000000
00000000
00000000
00000000
00000000
00000000
00000000
00000000
00402004
0201e1c4
012100e4
02e2c2a4
03c3a384
04a48464
05856544
06664624
07472704
082807e4
0908e8c4
09e9c9a4
0acaaa84
0bab8b64
0c8c6c44
0d6d4d24
0e4e2e04
0f2f0ee4
100fefc4
10f0d0a4
11d1b184
12b29264
13937344
14745424
15553504
163615e4
1716f6c4
17f7d7a4
18d8b884
19b99964
1a9a7a44
1b7b5b24
00000000
00000000
00000000
00000000
00000000
00000000
00000000
00000000
00000000
00000000
00000000
00000000
00000000
00000000
00000000
00000000
00000000
00000000
00000000
00000000
00000000
00000000
00000000
00000000
00000000
00000000
00000000
00000000
00000000
00000000
00000000
00000000
00000000
00000000
00000000
00000000
00000000
00000000
00000000
00000000
00000000
00000000
00000000
00000000
00000000
00000000
00000000
00000000
00000000
00000000
00a08062
00000000
00000000
01816142
00000000
00000000
00000000
00000000
00000000
00000000
00000000
02624222
00000000
00000000
00000000
00000000
00000000
00000000
00000000
00000000
03432302
00000000
00000000
00000000
00000000
00000000
00000000
042403e2
00000000
00000000
00000000
00000000
00000000
00000000
00000000
0504e4c2
00000000
00000000
00000000
00000000
00000000
00000000
00000000
05e5c5a2
00000000
00000000
00000000
00000000
00000000
00000000
00000000
06c6a682
00000000
00000000
00000000
00000000
00000000
00000000
00000000
07a78762
00000000
00000000
00000000
00000000
00000000
00000000
00000000
08886842
00000000
00000000
00000000
00000000
00000000
00000000
00000000
09694922
00000000
00000000
00000000
00000000
00000000
00000000
0a4a2a02
00000000
00000000
00000000
00000000
00000000
00000000
00000000
0b2b0ae2
00000000
00000000
00000000
00000000
00000000
00000000
00000000
0c0bebc2
00000000
00000000
00000000
00000000
00000000
00000000
00000000
00000000
0ceccca2
00000000
00000000
00000000
00000000
00000000
00000000
00000000
00000000
00000000
00000000
00000000
00000000
00000000
00000000
00000000
0dcdad82
00000000
00000000
00000000
00000000
00000000
00000000
00000000
00000000
00000000
00000000
00000000
00000000
00000000
00000000
00000000
00000000
00000000
00000000
00000000
00000000
00000000
00000000
00000000
0eae8e62
00000000
00000000
00000000
00000000
00000000
00000000
00000000
0f8f6f42
00000000
00000000
00000000
00000000
00000000
00000000
10705022
00000000
00000000
00000000
00000000
00000000
00000000
00000000
11513102
00000000
00000000
00000000
00000000
00000000
00000000
00000000
123211e2
00000000
00000000
00000000
00000000
00000000
00000000
00000000
00000000
00000000
00000000
00000000
1312f2c2
00000000
00000000
00000000
00000000
00000000
00000000
00000000
00000000
00000000
00000000
00000000
00000000
00000000
00000000
00000000
00000000
13f3d3a2
00000000
00000000
00000000
00000000
00000000
00000000
00000000
00000000
00000000
00000000
00000000
00000000
00000000
00000000
00000000
00000000
00000000
00000000
00000000
00000000
14d4b482
00000000
00000000
00000000
00000000
00000000
00000000
00000000
15b59562
00000000
00000000
00000000
00000000
00000000
00000000
00000000
16967642
00000000
00000000
00000000
00000000
00000000
00000000
17775722
00000000
00000000
00000000
00000000
00000000
00000000
00000000
18583802
00000000
00000000
00000000
00000000
00000000
00000000
00000000
193918e2
00000000
00000000
00000000
00000000
00000000
00000000
00000000
00000000
1a19f9c2
00000000
00000000
00000000
00000000
00000000
00000000
1afadaa2
00000000
00000000
00000000
00000000
00000000
00000000
00000000
00000000
00000000
00000000
00000000
00000000
00000000
00000000
00000000
00000000
00000000
00000000
00000000
00000000
00000000
00000000
00000000
00000000
00000000
00000000
00000000
00000000
00000000
00000000
00000000
1bdbbb82
00000000
00000000
00000000
00000000
00000000
00000000
00000000
00000000
00000000
00000000
00000000
00000000
00000000
00000000
00000000
00000000
00000000
00000000
00000000
00000000
00000000
00000000
00000000
00000000
00000000
00000000
00000000
00000000
00000000
00000000
00000000
00000000
00000000
00000000
00000000
00000000
00000000
00000000
00000000
00000000
00000000
00000000
00000000
00000000
