00000000
00000000
00000000
00000000
00000000
00000000
00000000
00000000
00000000
00000000
00000000
00000000
00000000
00000000
00000000
00000000
00000000
00000000
00000000
00000000
00000000
00000000
00000000
00000000
00000000
00000000
00000000
00000000
00000000
00000000
00000000
00000000
00000000
00000000
00000000
00000000
00000000
00000000
00000000
00000000
00000000
00000000
00000000
00000000
00000000
00000000
00000000
00000000
00000000
00000000
00000000
00000000
00000000
00000000
00000000
00000000
00000000
00000000
00000000
00000000
00000000
00000000
00000000
00000000
00000000
00000000
00000000
00000000
00000000
00000000
00000000
00000000
00000000
00000000
00000000
00000000
00000000
00000000
00000000
00000000
00000000
00000000
00000000
00000000
00000000
00000000
00000000
00000000
00000000
00000000
00000000
00000000
00000000
00000000
00000000
00000000
40605041
00000000
00000000
00000000
41615041
00000000
00000000
00000000
40a09041
00000000
00000000
00000000
41a19041
00000000
00000000
00000000
42625041
00000000
00000000
00000000
42a29041
00000000
00000000
00000000
43635041
00000000
00000000
00000000
43a39041
00000000
00000000
00000000
44645041
00000000
00000000
00000000
44a49041
00000000
00000000
00000000
45655041
00000000
00000000
00000000
45a59041
00000000
00000000
00000000
46665041
00000000
00000000
00000000
46a69041
00000000
00000000
00000000
47675041
40c0a003
00000000
00000000
47a79041
41a18003
00000000
00000000
48685041
00000000
00000000
00000000
48a89041
42826003
00000000
00000000
49695041
00000000
00000000
00000000
49a99041
43634003
00000000
00000000
4a6a5041
00000000
00000000
00000000
4aaa9041
44442003
00000000
00000000
4b6b5041
00000000
00000000
00000000
4bab9041
45250003
00000000
00000000
4c6c5041
00000000
00000000
00000000
4cac9041
4605e003
00000000
00000000
4d6d5041
00000000
00000000
00000000
4dad9041
46e6c003
00000000
00000000
4e6e5041
00000000
00000000
00000000
4eae9041
47c7a003
00000000
00000000
4f6f5041
00000000
00000000
00000000
4faf9041
48a88003
00000000
00000000
00000000
00000000
00000000
00000000
00000000
49896003
00000000
00000000
00000000
00000000
00000000
4a6a4003
00000000
00000000
00000000
00000000
00000000
00000000
00000000
00000000
00000000
4b4b2003
00000000
00000000
50705041
00000000
00000000
4c2c0003
50b09041
00000000
00000000
00000000
51715041
00000000
00000000
00000000
51b19041
4d0ce003
00000000
00000000
52725041
00000000
00000000
00000000
52b29041
00000000
00000000
00000000
53735041
00000000
00000000
00000000
53b39041
4dedc003
00000000
00000000
54745041
00000000
00000000
00000000
54b49041
00000000
00000000
00000000
55755041
00000000
00000000
00000000
55b59041
00000000
00000000
00000000
56765041
00000000
00000000
00000000
56b69041
4ecea003
00000000
00000000
57775041
00000000
00000000
00000000
00000000
4faf8003
00000000
00000000
00000000
00000000
00000000
50906003
00000000
00000000
00000000
00000000
00000000
00000000
00000000
51714003
00000000
00000000
00000000
00000000
00000000
00000000
00000000
52522003
00000000
57b79041
00000000
00000000
00000000
58785041
00000000
00000000
00000000
58b89041
00000000
53330003
00000000
59795041
00000000
00000000
00000000
59b99041
00000000
00000000
00000000
5a7a5041
00000000
00000000
00000000
5aba9041
00000000
00000000
5413e003
5b7b5041
00000000
00000000
00000000
5bbb9041
00000000
00000000
00000000
5c7c5041
00000000
00000000
00000000
5cbc9041
00000000
00000000
00000000
5d7d5041
00000000
00000000
00000000
5dbd9041
54f4c003
00000000
00000000
5e7e5041
00000000
00000000
00000000
5ebe9041
55d5a003
00000000
00000000
5f7f5041
00000000
00000000
00000000
00000000
56b68003
00000000
00000000
00000000
00000000
00000000
57976003
00000000
00000000
00000000
00000000
00000000
00000000
00000000
58784003
00000000
00000000
00000000
00000000
00000000
00000000
00000000
59592003
5fbf9041
00000000
00000000
00000000
00000000
00000000
00000000
00000000
5a3a0003
00000000
00000000
00000000
00000000
00000000
00000000
5b1ae003
00000000
00000000
00000000
00000000
00000000
00000000
00000000
00000000
00000000
00000000
00000000
00000000
00000000
00000000
00000000
00000000
00000000
00000000
00000000
00000000
00000000
00000000
00000000
00000000
00000000
00000000
00000000
00000000
00000000
00000000
00000000
5bfbc003
00000000
00000000
00000000
00000000
00000000
00000000
00000000
00000000
00000000
00000000
00000000
00000000
00000000
00000000
00000000
00000000
00000000
00000000
00000000
00000000
00000000
00000000
00000000
00000000
00000000
00000000
00000000
00000000
00000000
00000000
00000000
00000000
00000000
00000000
00000000
00000000
00000000
